$SPEC_ID:
PRAK02 Easy-MCA-2k SN
$SPEC_REM:
DET# 1
DETDESC# PRAK01 Easy-MCA-2k SN 15071856
AP# Maestro Version 7.01
$DATE_MEA:
04/02/2002 04:46:41
$MEAS_TIM:
300 300
$DATA:
0 511
       0
       0
       0
       0
       0
       0
       0
       0
       0
       0
       0
       0
       0
       0
       0
       0
       0
       0
       0
     279
     546
     508
     526
     454
     476
     449
     430
     432
     442
     418
     415
     426
     389
     394
     379
     401
     376
     397
     379
     371
     381
     409
     373
     403
     319
     282
     203
     211
     144
     169
     177
     145
     155
     172
     167
     178
     196
     295
     455
     761
    1287
    1994
    2331
    2567
    2340
    1688
    1108
     608
     288
     103
      42
      14
       6
      29
      13
      12
      11
       7
       9
      11
      16
       9
      11
      12
      12
       9
      10
      12
      17
       7
       8
       9
       5
       9
      13
       4
      11
       6
       8
      10
       2
       9
      12
       8
      16
       7
       9
       7
      12
       4
       5
       3
       4
       6
      11
       6
       2
       2
       5
      10
       1
       6
       4
       7
       5
       2
       2
       4
       4
       7
      11
       4
       7
      10
       5
      12
      10
       4
       5
       2
       6
       3
       2
       2
       2
       0
       1
       0
       0
       1
       1
       1
       1
       1
       4
       1
       1
       0
       1
       1
       0
       0
       1
       1
       0
       0
       1
       2
       1
       2
       0
       0
       1
       2
       1
       1
       2
       1
       2
       0
       1
       0
       1
       2
       0
       0
       1
       0
       0
       0
       1
       2
       1
       0
       0
       2
       2
       2
       0
       1
       0
       0
       0
       1
       0
       1
       0
       1
       0
       0
       0
       1
       1
       0
       3
       0
       0
       1
       0
       0
       0
       0
       0
       0
       1
       0
       0
       0
       1
       0
       0
       0
       0
       0
       0
       0
       0
       0
       0
       1
       0
       0
       0
       0
       0
       0
       0
       1
       1
       0
       0
       0
       0
       0
       0
       0
       1
       0
       0
       0
       0
       0
       0
       1
       0
       0
       0
       0
       0
       1
       0
       0
       0
       1
       0
       3
       1
       0
       0
       1
       0
       1
       0
       0
       0
       0
       0
       0
       0
       0
       0
       0
       0
       1
       0
       0
       0
       0
       0
       0
       0
       0
       0
       0
       0
       0
       1
       0
       0
       0
       0
       0
       0
       0
       0
       0
       0
       0
       0
       0
       0
       0
       0
       0
       0
       0
       0
       0
       0
       1
       0
       0
       0
       0
       0
       0
       1
       0
       0
       0
       0
       0
       0
       0
       0
       0
       0
       0
       0
       0
       0
       0
       0
       0
       0
       0
       0
       0
       0
       0
       0
       0
       0
       0
       0
       0
       1
       0
       0
       0
       0
       0
       0
       0
       0
       0
       0
       0
       0
       0
       0
       0
       0
       0
       0
       0
       0
       0
       0
       0
       0
       0
       0
       0
       0
       0
       0
       0
       0
       0
       0
       0
       0
       0
       0
       0
       0
       0
       0
       0
       0
       0
       0
       0
       0
       0
       0
       0
       0
       0
       0
       0
       0
       0
       0
       0
       0
       0
       0
       0
       0
       0
       0
       0
       0
       0
       0
       0
       0
       0
       0
       0
       0
       0
       0
       0
       0
       0
       0
       0
       0
       0
       0
       0
       0
       0
       0
       0
       0
       0
       0
       0
       0
       0
       0
       0
       0
       0
       0
       0
       0
       0
       0
       0
       0
       0
       0
       0
       0
       0
       0
       0
       0
       0
       0
       0
       0
       0
       0
       0
       0
       0
       0
       0
       0
       0
       0
       0
       0
       0
       0
       0
       0
       0
       0
       0
       0
       0
       0
       0
       0
       0
$ROI:
0
$PRESETS:
Live Time
300
0
$ENER_FIT:
0.000000 0.000000
$MCA_CAL:
3
0.000000E+000 0.000000E+000 0.000000E+000 
$SHAPE_CAL:
3
0.000000E+000 0.000000E+000 0.000000E+000
