$SPEC_ID:
PRAK02 Easy-MCA-2k SN
$SPEC_REM:
DET# 1
DETDESC# PRAK01 Easy-MCA-2k SN 15071856
AP# Maestro Version 7.01
$DATE_MEA:
04/02/2002 05:15:20
$MEAS_TIM:
300 300
$DATA:
0 511
       0
       0
       0
       0
       0
       0
       0
       0
       0
       0
       0
       1
       0
       0
       0
       0
       0
       1
       5
     762
    1510
    1519
    1433
    1437
    1400
    1306
    1315
    1314
    1271
    1211
    1198
    1248
    1237
    1138
    1193
    1161
    1211
    1233
    1257
    1244
    1249
    1285
    1183
    1114
    1028
     886
     758
     605
     547
     459
     483
     459
     417
     471
     437
     489
     569
     782
    1258
    2110
    3587
    5474
    7055
    7906
    7033
    5598
    3463
    1922
     861
     312
     113
      45
      33
      18
      11
      16
      12
      13
      24
       8
      11
      13
       5
      10
      13
      16
      14
      12
       8
      11
       8
       9
      11
      14
      12
      10
      10
      10
       6
       6
       5
      15
       9
       6
       9
       9
       6
       6
       6
       5
       3
       2
       5
       5
       7
       7
       6
       3
       2
       5
       8
       5
       2
       6
       4
       2
       4
       7
       1
       3
       4
       8
       9
       6
      12
       9
       3
      11
       8
       3
       8
       5
       2
       5
       0
       2
       2
       1
       0
       3
       3
       3
       3
       0
       1
       0
       2
       0
       2
       3
       2
       2
       3
       1
       0
       2
       1
       2
       1
       1
       0
       2
       0
       1
       1
       1
       2
       1
       1
       0
       0
       0
       0
       2
       2
       0
       2
       0
       0
       2
       1
       0
       1
       1
       2
       1
       1
       2
       1
       0
       0
       1
       1
       0
       2
       0
       2
       0
       0
       1
       2
       0
       2
       0
       1
       0
       0
       0
       0
       0
       1
       0
       0
       1
       0
       0
       0
       0
       0
       0
       0
       0
       0
       0
       0
       0
       0
       0
       1
       0
       0
       1
       0
       0
       0
       1
       0
       0
       0
       0
       0
       0
       0
       0
       1
       0
       0
       0
       1
       0
       0
       0
       0
       0
       0
       0
       0
       0
       0
       0
       0
       0
       0
       0
       0
       0
       0
       0
       0
       0
       0
       0
       0
       0
       0
       0
       0
       1
       0
       0
       0
       1
       0
       0
       0
       0
       1
       0
       0
       0
       0
       0
       0
       0
       0
       0
       0
       0
       0
       0
       0
       0
       0
       0
       0
       1
       0
       0
       0
       0
       0
       0
       0
       0
       0
       0
       1
       0
       0
       0
       0
       0
       0
       0
       0
       0
       1
       0
       0
       0
       0
       0
       0
       0
       0
       0
       1
       0
       0
       0
       0
       0
       0
       0
       0
       0
       0
       0
       0
       0
       0
       0
       0
       0
       0
       0
       0
       0
       0
       0
       0
       0
       0
       0
       0
       0
       0
       0
       0
       0
       0
       0
       0
       0
       0
       0
       0
       0
       0
       0
       0
       0
       0
       0
       0
       0
       0
       0
       0
       0
       0
       0
       0
       0
       0
       0
       0
       1
       0
       0
       0
       0
       0
       0
       1
       0
       0
       0
       0
       0
       0
       0
       0
       0
       0
       0
       0
       0
       0
       0
       0
       0
       0
       0
       0
       0
       0
       0
       0
       0
       0
       0
       0
       0
       0
       0
       0
       0
       0
       0
       0
       0
       0
       0
       0
       0
       0
       0
       0
       0
       0
       0
       0
       0
       0
       0
       0
       0
       0
       0
       0
       0
       0
       0
       0
       0
       0
       0
       0
       0
       0
       0
       0
       0
       0
       0
       0
       0
       0
       0
       0
       0
       0
       0
       0
       0
       0
       0
       0
       0
       0
       0
       0
       0
       0
       0
       0
       0
       0
       0
       0
       0
$ROI:
0
$PRESETS:
Live Time
300
0
$ENER_FIT:
0.000000 0.000000
$MCA_CAL:
3
0.000000E+000 0.000000E+000 0.000000E+000 
$SHAPE_CAL:
3
0.000000E+000 0.000000E+000 0.000000E+000
