$SPEC_ID:
PRAK02 Easy-MCA-2k SN
$SPEC_REM:
DET# 1
DETDESC# PRAK01 Easy-MCA-2k SN 15071856
AP# Maestro Version 7.01
$DATE_MEA:
04/02/2002 05:21:00
$MEAS_TIM:
300 300
$DATA:
0 511
       0
       0
       0
       0
       0
       0
       0
       0
       0
       0
       0
       0
       0
       0
       0
       0
       0
       0
       2
     121
     214
     191
     206
     193
     174
     158
     148
     158
     144
     139
     131
     110
     129
      94
      89
     112
     121
     109
      88
      87
     104
      82
      85
      96
      79
      72
      68
      74
      53
      58
      37
      48
      60
      58
      36
      46
      53
      70
      91
     128
     192
     269
     340
     325
     284
     203
     139
      68
      49
      29
      17
      24
      19
      15
      22
      27
      14
      21
      12
      19
      11
      19
      12
      15
      22
      11
      12
      18
      10
      21
      15
      12
      11
       7
      12
      11
      10
      13
       6
       9
       9
      11
       7
       7
      11
       8
       8
      11
       3
      11
       2
      10
       6
       2
       4
       6
       8
       3
       1
       5
       3
       3
       7
       5
       5
       6
       3
       3
       4
       4
       2
      10
       5
       5
      12
      10
       5
       9
      14
       9
       3
       1
       5
       1
       3
       2
       3
       1
       1
       2
       3
       4
       3
       2
       1
       3
       0
       1
       1
       3
       0
       2
       3
       0
       2
       2
       1
       1
       0
       0
       1
       1
       3
       1
       0
       2
       1
       2
       0
       1
       2
       2
       0
       0
       1
       0
       2
       0
       1
       2
       0
       0
       1
       0
       1
       3
       1
       0
       1
       0
       1
       1
       3
       0
       2
       5
       4
       0
       1
       0
       0
       1
       2
       0
       0
       0
       0
       0
       0
       0
       0
       0
       0
       0
       0
       1
       2
       0
       0
       0
       0
       0
       0
       0
       0
       0
       0
       0
       0
       1
       0
       0
       0
       0
       1
       1
       0
       0
       0
       0
       0
       0
       0
       0
       0
       0
       0
       0
       1
       0
       0
       0
       0
       0
       0
       1
       0
       0
       0
       0
       0
       0
       0
       0
       0
       1
       1
       0
       0
       0
       0
       1
       0
       1
       0
       0
       0
       0
       2
       0
       0
       0
       0
       0
       0
       0
       0
       0
       0
       0
       0
       0
       0
       0
       0
       0
       0
       0
       0
       0
       0
       0
       0
       0
       0
       0
       0
       0
       0
       0
       1
       0
       0
       0
       0
       0
       0
       0
       0
       0
       0
       0
       0
       0
       0
       0
       0
       0
       0
       0
       0
       0
       0
       0
       0
       0
       0
       0
       0
       0
       0
       0
       0
       0
       0
       0
       0
       0
       0
       0
       0
       0
       0
       0
       0
       0
       0
       0
       0
       0
       0
       0
       0
       0
       0
       0
       0
       0
       1
       0
       0
       0
       0
       0
       0
       0
       0
       0
       0
       0
       0
       0
       0
       0
       0
       0
       0
       0
       0
       0
       0
       0
       0
       0
       0
       0
       0
       0
       0
       0
       0
       0
       0
       0
       0
       0
       0
       0
       0
       0
       0
       0
       0
       0
       0
       0
       0
       0
       0
       0
       0
       0
       0
       0
       0
       0
       0
       0
       0
       0
       0
       1
       0
       0
       0
       0
       0
       0
       0
       0
       0
       0
       0
       0
       0
       0
       0
       0
       0
       0
       0
       0
       0
       0
       0
       0
       0
       0
       0
       0
       0
       0
       0
       0
       0
       0
       0
       0
       0
       0
       0
       0
       0
       0
       0
       0
       0
       0
       0
       0
       0
       0
       0
       0
       0
       0
       0
       0
       0
       0
       0
       0
       0
       0
       0
       0
       0
       0
       0
       0
       0
       0
$ROI:
0
$PRESETS:
Live Time
300
0
$ENER_FIT:
0.000000 0.000000
$MCA_CAL:
3
0.000000E+000 0.000000E+000 0.000000E+000 
$SHAPE_CAL:
3
0.000000E+000 0.000000E+000 0.000000E+000
