$SPEC_ID:
PRAK02 Easy-MCA-2k SN
$SPEC_REM:
DET# 1
DETDESC# PRAK01 Easy-MCA-2k SN 15071856
AP# Maestro Version 7.01
$DATE_MEA:
04/02/2002 05:43:32
$MEAS_TIM:
300 300
$DATA:
0 511
       0
       0
       0
       0
       0
       0
       0
       0
       0
       0
       0
       0
       0
       0
       0
       0
       0
       0
       0
     328
     580
     553
     529
     481
     480
     446
     440
     460
     426
     415
     417
     422
     417
     414
     404
     373
     421
     398
     424
     412
     429
     391
     388
     318
     328
     274
     206
     206
     181
     172
     146
     152
     179
     171
     160
     209
     238
     379
     626
    1061
    1663
    2228
    2609
    2445
    2022
    1351
     781
     363
     152
      56
      22
      19
      17
      19
       9
      13
      16
      11
      13
       6
      11
       7
       7
       3
       6
      13
      13
      12
      12
       8
      10
      16
       6
      12
       9
       7
      10
       3
      12
      10
       9
       8
      11
       7
       5
       9
       8
       8
       8
       6
       4
       5
       4
       3
       5
       5
       9
       7
       7
       5
       7
       2
       4
       1
       8
       5
       7
       6
       4
       6
       9
       4
       3
      14
       8
       7
       6
       5
       5
       0
       6
       3
       4
       0
       4
       1
       1
       0
       4
       2
       4
       3
       0
       1
       2
       2
       1
       1
       1
       2
       1
       1
       0
       2
       4
       1
       4
       2
       2
       1
       1
       0
       2
       0
       1
       1
       2
       0
       0
       0
       1
       1
       1
       1
       2
       2
       2
       0
       0
       0
       1
       2
       2
       1
       1
       0
       0
       1
       3
       1
       1
       1
       2
       0
       1
       0
       0
       3
       2
       3
       2
       1
       1
       0
       1
       0
       0
       0
       0
       0
       0
       0
       0
       1
       0
       0
       1
       0
       0
       0
       1
       0
       1
       0
       0
       0
       0
       0
       0
       0
       0
       0
       0
       0
       0
       0
       0
       0
       0
       0
       0
       0
       1
       1
       0
       0
       0
       0
       2
       0
       0
       1
       0
       0
       0
       1
       0
       0
       1
       0
       0
       0
       1
       1
       0
       0
       0
       0
       0
       2
       0
       1
       0
       0
       0
       0
       0
       1
       1
       0
       0
       0
       0
       0
       0
       0
       0
       0
       0
       1
       0
       0
       0
       0
       0
       0
       0
       0
       0
       0
       0
       0
       0
       0
       0
       0
       0
       0
       0
       0
       0
       0
       0
       0
       0
       0
       0
       0
       0
       0
       0
       0
       0
       0
       0
       0
       0
       0
       0
       0
       0
       0
       0
       0
       0
       0
       0
       0
       0
       0
       0
       0
       0
       0
       0
       0
       0
       0
       0
       0
       0
       0
       0
       0
       0
       0
       0
       0
       0
       0
       0
       0
       0
       0
       0
       0
       0
       0
       0
       0
       0
       0
       0
       0
       0
       0
       1
       0
       0
       0
       0
       0
       0
       0
       0
       0
       0
       0
       0
       0
       0
       0
       0
       0
       0
       0
       0
       0
       0
       0
       0
       0
       0
       0
       0
       0
       0
       0
       0
       0
       0
       0
       0
       0
       0
       0
       0
       0
       0
       0
       0
       0
       0
       0
       0
       0
       0
       0
       0
       0
       0
       0
       0
       0
       0
       0
       0
       0
       0
       0
       0
       0
       0
       0
       0
       0
       0
       0
       0
       0
       0
       0
       0
       0
       0
       0
       0
       0
       0
       0
       0
       0
       0
       0
       0
       0
       0
       0
       0
       0
       0
       0
       0
       0
       0
       0
       0
       0
       0
       0
       0
       0
       0
       0
       0
       0
       0
       0
       0
       0
       0
       0
       0
       0
       0
       0
       0
       0
       0
       0
       0
       0
$ROI:
0
$PRESETS:
Live Time
300
0
$ENER_FIT:
0.000000 0.000000
$MCA_CAL:
3
0.000000E+000 0.000000E+000 0.000000E+000 
$SHAPE_CAL:
3
0.000000E+000 0.000000E+000 0.000000E+000
