$SPEC_ID:
PRAK02 Easy-MCA-2k SN
$SPEC_REM:
DET# 1
DETDESC# PRAK01 Easy-MCA-2k SN 15071856
AP# Maestro Version 7.01
$DATE_MEA:
04/02/2002 05:26:34
$MEAS_TIM:
300 300
$DATA:
0 511
       0
       0
       0
       0
       0
       0
       0
       0
       0
       0
       0
       0
       0
       0
       0
       0
       1
       0
       4
     856
    1516
    1539
    1440
    1433
    1406
    1281
    1405
    1269
    1233
    1145
    1238
    1226
    1198
    1219
    1151
    1142
    1226
    1198
    1183
    1224
    1196
    1190
    1120
    1008
     843
     732
     602
     551
     484
     469
     487
     431
     475
     480
     529
     635
     914
    1466
    2536
    4190
    6162
    7451
    7699
    6476
    4635
    2778
    1387
     555
     205
      78
      24
      21
      19
      12
      13
      14
      14
      17
      19
      10
      10
      12
      15
      18
       9
      11
       9
      14
       7
       8
      13
      11
      11
      13
      10
       6
       7
       6
      10
       6
       6
       7
      12
      11
       2
       8
      18
       5
       8
       5
      10
       3
       5
       9
       0
       6
       5
       5
       6
       1
       7
       2
       2
       6
       3
       6
       4
       5
       6
       6
       6
       9
       8
       6
       5
       6
       6
       7
       4
       3
       1
       4
       3
       2
       4
       2
       4
       2
       1
       2
       0
       5
       0
       0
       1
       2
       1
       1
       1
       2
       1
       0
       0
       2
       3
       1
       0
       2
       1
       0
       2
       1
       3
       1
       2
       0
       1
       1
       1
       1
       1
       1
       2
       0
       1
       0
       1
       0
       0
       0
       1
       1
       4
       1
       2
       0
       0
       2
       0
       4
       3
       2
       2
       1
       2
       0
       1
       0
       1
       0
       0
       0
       3
       1
       0
       0
       0
       0
       0
       0
       0
       0
       1
       0
       1
       1
       0
       0
       0
       0
       0
       1
       0
       0
       0
       0
       0
       0
       0
       0
       0
       0
       0
       0
       0
       1
       0
       0
       0
       0
       2
       0
       0
       0
       0
       1
       1
       0
       0
       0
       1
       0
       1
       2
       1
       1
       0
       0
       0
       0
       0
       1
       2
       0
       0
       0
       1
       0
       0
       0
       0
       0
       0
       1
       0
       0
       0
       0
       0
       0
       0
       0
       1
       0
       0
       0
       0
       0
       0
       0
       1
       0
       0
       0
       0
       0
       0
       0
       0
       0
       0
       0
       0
       0
       0
       0
       0
       0
       0
       1
       0
       0
       0
       0
       0
       0
       0
       0
       0
       0
       0
       0
       0
       0
       0
       0
       0
       0
       0
       0
       0
       0
       0
       0
       0
       0
       0
       0
       0
       0
       0
       1
       1
       0
       0
       0
       0
       0
       0
       0
       0
       0
       1
       0
       1
       0
       0
       0
       0
       0
       0
       0
       0
       0
       0
       0
       0
       0
       0
       0
       0
       0
       0
       0
       0
       0
       0
       0
       0
       0
       0
       0
       0
       0
       0
       0
       0
       0
       0
       0
       0
       0
       0
       0
       0
       0
       0
       0
       0
       0
       0
       0
       0
       0
       0
       0
       0
       0
       0
       0
       0
       0
       0
       0
       0
       0
       0
       0
       0
       0
       0
       0
       0
       0
       0
       0
       0
       0
       0
       0
       0
       0
       0
       0
       0
       0
       0
       0
       0
       0
       0
       0
       0
       0
       0
       0
       0
       0
       0
       0
       0
       0
       0
       0
       0
       0
       0
       0
       0
       0
       0
       0
       0
       0
       0
       0
       0
       0
       0
       0
       0
       0
       0
       0
       0
       0
       0
       0
       0
       0
       0
       0
       0
       0
       0
       0
       0
       0
       0
       0
       0
       0
       0
       0
       0
       0
       0
       0
       0
       0
       0
       0
$ROI:
0
$PRESETS:
Live Time
300
0
$ENER_FIT:
0.000000 0.000000
$MCA_CAL:
3
0.000000E+000 0.000000E+000 0.000000E+000 
$SHAPE_CAL:
3
0.000000E+000 0.000000E+000 0.000000E+000
