$SPEC_ID:
PRAK02 Easy-MCA-2k SN
$SPEC_REM:
DET# 1
DETDESC# PRAK01 Easy-MCA-2k SN 15071856
AP# Maestro Version 7.01
$DATE_MEA:
04/02/2002 05:37:56
$MEAS_TIM:
300 300
$DATA:
0 511
       0
       0
       0
       0
       0
       0
       0
       0
       0
       0
       0
       0
       0
       0
       0
       0
       0
       0
       0
     211
     419
     359
     373
     313
     360
     291
     303
     274
     264
     264
     250
     242
     267
     260
     238
     261
     225
     226
     260
     267
     254
     244
     234
     187
     187
     154
     135
     122
     100
      98
      73
     103
     104
     113
     114
     111
     159
     222
     400
     653
     918
    1290
    1454
    1375
    1097
     724
     440
     206
      71
      42
      22
      10
      11
      12
      11
      13
      15
       7
      12
       8
      16
       9
      17
      13
      13
      12
       9
       9
      12
      11
       8
       7
       7
       6
       4
       5
      16
      11
       6
       9
       5
       9
      11
       2
       7
       8
       7
       1
      12
       4
       8
       4
       5
       6
       4
       3
       2
       6
       4
       2
       3
       4
       5
       4
       5
       5
       2
       5
       4
       7
       5
       7
       2
       5
       9
       8
       8
       4
       5
       4
       3
       1
       4
       0
       1
       1
       1
       0
       1
       2
       1
       5
       1
       1
       3
       0
       2
       2
       2
       1
       3
       1
       0
       1
       0
       1
       2
       2
       0
       1
       1
       1
       0
       2
       1
       1
       1
       1
       0
       0
       1
       2
       0
       0
       2
       1
       0
       3
       1
       0
       0
       2
       1
       0
       1
       0
       0
       0
       0
       3
       1
       0
       0
       1
       2
       0
       1
       0
       0
       2
       0
       3
       0
       0
       1
       0
       1
       0
       1
       0
       1
       0
       0
       0
       0
       1
       0
       0
       0
       0
       1
       0
       0
       0
       0
       0
       0
       0
       0
       0
       0
       0
       0
       0
       0
       0
       1
       0
       0
       0
       1
       0
       0
       0
       0
       0
       0
       0
       0
       0
       0
       0
       1
       0
       0
       0
       0
       0
       0
       0
       0
       0
       0
       1
       0
       0
       0
       2
       1
       2
       0
       1
       0
       0
       0
       0
       1
       0
       0
       1
       0
       0
       0
       0
       0
       0
       0
       0
       0
       0
       0
       0
       0
       0
       0
       0
       0
       0
       0
       0
       0
       0
       0
       0
       0
       0
       0
       0
       0
       0
       0
       0
       0
       0
       0
       0
       0
       0
       0
       0
       0
       0
       0
       0
       0
       0
       0
       0
       0
       0
       0
       0
       0
       0
       0
       0
       0
       0
       0
       0
       0
       0
       0
       0
       0
       0
       0
       0
       0
       0
       0
       0
       0
       0
       0
       0
       0
       0
       0
       0
       0
       0
       0
       0
       0
       0
       0
       0
       0
       0
       0
       0
       0
       0
       0
       0
       0
       0
       1
       0
       1
       0
       0
       0
       0
       0
       0
       0
       0
       0
       0
       0
       0
       0
       0
       0
       0
       0
       0
       0
       0
       0
       0
       0
       0
       0
       0
       0
       0
       0
       0
       0
       0
       0
       0
       0
       0
       0
       0
       0
       0
       0
       0
       0
       0
       0
       0
       0
       0
       0
       0
       0
       0
       0
       0
       0
       0
       0
       0
       0
       0
       0
       0
       0
       0
       0
       0
       0
       0
       0
       0
       0
       0
       0
       0
       0
       0
       0
       0
       0
       0
       0
       0
       0
       0
       0
       0
       0
       0
       0
       0
       0
       0
       0
       0
       0
       0
       0
       0
       0
       0
       0
       0
       0
       0
       0
       0
       0
       0
       0
       0
       0
       0
       0
       0
       0
       0
       0
       0
       0
       0
       0
$ROI:
0
$PRESETS:
Live Time
300
0
$ENER_FIT:
0.000000 0.000000
$MCA_CAL:
3
0.000000E+000 0.000000E+000 0.000000E+000 
$SHAPE_CAL:
3
0.000000E+000 0.000000E+000 0.000000E+000
