$SPEC_ID:
PRAK02 Easy-MCA-2k SN
$SPEC_REM:
DET# 1
DETDESC# PRAK01 Easy-MCA-2k SN 15071856
AP# Maestro Version 7.01
$DATE_MEA:
04/02/2002 04:40:52
$MEAS_TIM:
300 300
$DATA:
0 511
       0
       0
       0
       0
       0
       0
       0
       0
       0
       0
       0
       0
       0
       0
       0
       0
       0
       0
       0
     326
     531
     521
     508
     485
     447
     469
     459
     430
     448
     448
     426
     392
     388
     380
     416
     383
     395
     399
     390
     363
     423
     408
     368
     358
     294
     269
     213
     206
     167
     193
     197
     124
     136
     149
     178
     188
     193
     302
     445
     798
    1334
    1850
    2370
    2537
    2400
    1748
    1109
     567
     300
     128
      47
      20
      11
      11
      10
      11
      15
      15
      10
      10
       7
      13
      12
      13
      13
       9
      15
      14
      16
       7
      11
      14
      12
       5
       7
       7
       8
      10
       4
      10
       6
       8
      11
       6
       8
       9
       9
      14
       9
       9
       3
       7
       9
       2
      10
       2
       2
       1
       6
       5
       7
       2
       1
       8
       8
       3
       4
       7
       3
       1
       6
       8
       5
       9
       9
       9
       7
      10
       9
      10
       3
       2
       3
       4
       3
       2
       1
       2
       0
       1
       5
       3
       4
       3
       1
       1
       2
       2
       1
       2
       1
       2
       2
       1
       3
       3
       2
       1
       2
       1
       1
       1
       1
       0
       0
       3
       1
       1
       2
       1
       4
       4
       0
       0
       1
       1
       0
       2
       0
       0
       2
       1
       1
       2
       0
       2
       3
       0
       3
       1
       0
       3
       0
       0
       1
       1
       3
       0
       0
       1
       2
       0
       0
       0
       0
       1
       0
       1
       0
       0
       0
       0
       0
       0
       0
       0
       0
       0
       0
       0
       1
       0
       0
       0
       0
       0
       0
       0
       0
       0
       1
       0
       0
       0
       0
       0
       0
       0
       0
       0
       0
       0
       0
       0
       0
       0
       0
       0
       0
       0
       0
       0
       0
       0
       0
       0
       1
       0
       0
       0
       0
       0
       0
       1
       1
       0
       0
       1
       0
       1
       0
       0
       0
       0
       0
       0
       0
       1
       0
       1
       0
       0
       0
       0
       2
       0
       0
       0
       0
       0
       0
       1
       1
       0
       0
       0
       0
       0
       0
       0
       0
       0
       0
       0
       0
       0
       0
       0
       0
       0
       0
       0
       0
       0
       0
       0
       0
       0
       0
       0
       0
       0
       0
       0
       0
       0
       0
       0
       0
       0
       0
       0
       0
       0
       0
       0
       0
       0
       0
       0
       0
       0
       0
       0
       0
       0
       0
       0
       0
       0
       0
       0
       0
       0
       0
       0
       0
       0
       0
       0
       0
       0
       0
       0
       0
       0
       0
       0
       0
       0
       0
       0
       0
       0
       0
       0
       0
       0
       0
       0
       0
       0
       0
       0
       0
       0
       0
       0
       0
       0
       0
       0
       0
       0
       0
       0
       0
       1
       0
       0
       0
       0
       0
       0
       0
       0
       0
       0
       0
       0
       0
       0
       0
       0
       0
       0
       0
       0
       0
       0
       0
       0
       0
       0
       0
       0
       0
       0
       0
       0
       0
       0
       0
       0
       0
       0
       0
       0
       0
       0
       0
       0
       0
       0
       0
       0
       0
       0
       0
       0
       0
       0
       0
       0
       0
       0
       0
       0
       0
       0
       0
       0
       0
       0
       0
       0
       0
       0
       0
       0
       0
       0
       0
       0
       0
       0
       0
       0
       0
       0
       0
       0
       0
       0
       0
       0
       0
       0
       0
       0
       0
       0
       0
       0
       0
       0
       0
       0
       0
       0
       0
       0
$ROI:
0
$PRESETS:
Live Time
300
0
$ENER_FIT:
0.000000 0.000000
$MCA_CAL:
3
0.000000E+000 0.000000E+000 0.000000E+000 
$SHAPE_CAL:
3
0.000000E+000 0.000000E+000 0.000000E+000
