$SPEC_ID:
PRAK02 Easy-MCA-2k SN
$SPEC_REM:
DET# 1
DETDESC# PRAK01 Easy-MCA-2k SN 15071856
AP# Maestro Version 7.01
$DATE_MEA:
04/02/2002 04:52:25
$MEAS_TIM:
300 300
$DATA:
0 511
       0
       0
       0
       0
       0
       0
       0
       0
       0
       0
       0
       0
       0
       0
       0
       0
       0
       0
       1
     303
     556
     521
     516
     502
     463
     458
     478
     433
     409
     424
     418
     451
     403
     379
     400
     425
     418
     387
     411
     451
     396
     403
     392
     352
     308
     285
     257
     212
     178
     178
     158
     182
     145
     169
     173
     178
     251
     290
     492
     798
    1341
    1937
    2432
    2600
    2394
    1788
    1107
     592
     279
     108
      42
      24
      19
      13
      16
       9
       5
      11
      11
      10
       9
       7
      14
      10
      14
       9
      15
      15
       9
       6
       9
       8
      13
      12
      13
       7
       8
       7
       8
       7
      11
       7
       2
       8
       8
       6
       6
       8
       6
       9
       4
       4
       3
       7
      12
       6
       7
       4
       8
       2
       9
       6
       5
       5
       6
       2
       3
       3
       7
       8
       4
       9
       5
       6
      12
       9
      10
      12
       4
       7
       4
       8
       2
       1
       4
       0
       3
       3
       2
       1
       1
       1
       1
       1
       2
       1
       1
       2
       0
       2
       1
       4
       0
       1
       1
       2
       3
       0
       1
       3
       1
       4
       2
       0
       1
       0
       0
       1
       1
       0
       2
       1
       2
       1
       4
       1
       1
       1
       1
       0
       0
       1
       1
       1
       2
       1
       0
       0
       1
       1
       1
       0
       1
       3
       1
       1
       1
       1
       1
       0
       2
       1
       1
       1
       1
       1
       0
       0
       0
       0
       1
       0
       0
       0
       0
       0
       0
       0
       1
       0
       0
       0
       0
       0
       0
       0
       0
       0
       0
       0
       0
       0
       0
       0
       0
       0
       0
       0
       0
       0
       0
       0
       0
       0
       0
       0
       0
       1
       0
       0
       1
       1
       0
       0
       0
       1
       0
       0
       0
       1
       0
       0
       0
       1
       0
       0
       2
       0
       0
       1
       0
       0
       0
       0
       0
       0
       1
       1
       0
       0
       0
       0
       1
       1
       1
       1
       0
       1
       0
       1
       0
       0
       0
       0
       0
       0
       0
       0
       0
       0
       0
       0
       0
       0
       0
       0
       0
       0
       0
       0
       0
       0
       0
       0
       0
       0
       0
       0
       0
       0
       0
       0
       1
       1
       0
       0
       0
       0
       0
       0
       0
       0
       0
       0
       0
       0
       0
       0
       0
       0
       0
       0
       0
       2
       0
       0
       0
       0
       0
       0
       0
       0
       0
       0
       0
       0
       0
       0
       0
       0
       0
       0
       0
       0
       0
       0
       0
       0
       0
       0
       0
       0
       0
       0
       0
       0
       0
       0
       0
       0
       0
       0
       0
       0
       0
       0
       0
       0
       0
       0
       0
       0
       0
       0
       0
       0
       0
       1
       0
       0
       0
       0
       0
       0
       0
       0
       0
       0
       0
       0
       0
       0
       0
       0
       0
       0
       0
       0
       0
       0
       0
       0
       0
       0
       0
       0
       0
       0
       0
       0
       0
       0
       0
       0
       0
       0
       0
       0
       0
       0
       0
       0
       0
       0
       0
       0
       0
       0
       0
       0
       0
       0
       0
       0
       0
       0
       0
       0
       0
       0
       0
       0
       0
       0
       0
       0
       0
       0
       0
       0
       0
       0
       0
       0
       0
       0
       0
       0
       0
       0
       0
       0
       0
       0
       0
       0
       0
       0
       0
       0
       0
       0
       0
       0
       0
       0
       0
       0
       0
       0
       0
       0
$ROI:
0
$PRESETS:
Live Time
300
0
$ENER_FIT:
0.000000 0.000000
$MCA_CAL:
3
0.000000E+000 0.000000E+000 0.000000E+000 
$SHAPE_CAL:
3
0.000000E+000 0.000000E+000 0.000000E+000
