$SPEC_ID:
PRAK02 Easy-MCA-2k SN
$SPEC_REM:
DET# 1
DETDESC# PRAK01 Easy-MCA-2k SN 15071856
AP# Maestro Version 7.01
$DATE_MEA:
04/02/2002 05:03:50
$MEAS_TIM:
300 300
$DATA:
0 511
       0
       0
       0
       0
       0
       0
       0
       0
       0
       0
       0
       0
       0
       0
       0
       0
       0
       0
       0
     218
     385
     366
     319
     346
     301
     320
     305
     289
     254
     278
     277
     283
     245
     258
     236
     263
     249
     248
     276
     229
     228
     226
     247
     207
     211
     188
     146
     110
     107
     108
     115
      93
      81
     102
     124
     139
     138
     167
     285
     473
     756
    1075
    1366
    1485
    1355
     974
     632
     334
     162
      54
      29
      16
      15
      12
       7
      13
      14
      11
      11
      11
      11
       7
      12
       5
       6
       6
      11
      14
      15
       9
      12
      12
       6
       5
      11
       6
       7
       3
      11
       6
       8
       6
       4
       9
       4
      10
      11
      12
       9
       9
       3
       5
       7
       3
      10
       7
       6
       3
       5
       6
       3
       2
       2
       0
       9
       1
       2
       4
       9
       3
       7
      11
       4
       7
       9
       5
      10
       5
       8
       9
       4
       2
       4
       4
       3
       1
       4
       2
       2
       0
       0
       0
       2
       2
       1
       3
       2
       2
       2
       4
       2
       0
       3
       0
       2
       2
       2
       2
       0
       0
       1
       0
       0
       3
       1
       2
       3
       2
       2
       0
       0
       0
       1
       2
       1
       0
       3
       2
       2
       1
       1
       1
       0
       1
       1
       1
       1
       0
       0
       2
       2
       1
       4
       1
       2
       0
       3
       3
       0
       1
       1
       0
       0
       1
       0
       0
       0
       0
       1
       0
       0
       0
       0
       0
       0
       0
       0
       0
       0
       0
       0
       0
       0
       1
       0
       0
       0
       0
       0
       0
       0
       2
       1
       0
       0
       0
       0
       0
       0
       0
       0
       0
       0
       0
       0
       0
       0
       1
       0
       1
       1
       0
       0
       1
       0
       0
       0
       0
       1
       1
       0
       0
       0
       0
       0
       0
       1
       0
       0
       1
       0
       0
       0
       0
       0
       0
       0
       2
       1
       0
       1
       0
       0
       0
       0
       0
       0
       0
       0
       1
       0
       0
       0
       0
       0
       0
       0
       0
       0
       0
       1
       1
       0
       0
       1
       0
       0
       0
       0
       0
       0
       0
       0
       0
       0
       0
       0
       0
       0
       0
       0
       0
       0
       0
       0
       0
       0
       0
       0
       0
       0
       0
       0
       1
       0
       0
       0
       0
       0
       0
       0
       0
       0
       0
       0
       0
       0
       0
       1
       0
       0
       0
       0
       0
       0
       0
       0
       0
       0
       0
       0
       0
       0
       0
       0
       0
       0
       0
       0
       0
       0
       0
       0
       0
       0
       0
       0
       0
       0
       0
       0
       0
       0
       0
       0
       0
       0
       0
       0
       0
       0
       0
       0
       0
       0
       0
       0
       0
       0
       0
       0
       0
       0
       0
       0
       0
       0
       0
       0
       0
       0
       0
       0
       0
       0
       0
       0
       0
       0
       0
       0
       0
       0
       0
       0
       0
       0
       0
       0
       0
       0
       0
       0
       0
       0
       0
       0
       0
       0
       0
       0
       0
       0
       0
       0
       0
       0
       0
       0
       0
       0
       0
       0
       0
       0
       0
       0
       0
       0
       0
       0
       0
       0
       0
       0
       0
       0
       0
       0
       0
       0
       0
       0
       0
       0
       0
       0
       0
       0
       0
       0
       0
       0
       0
       0
       0
       0
       0
       0
       0
       0
       0
       0
       0
       0
       0
       0
       0
       0
       0
       0
       0
$ROI:
0
$PRESETS:
Live Time
300
0
$ENER_FIT:
0.000000 0.000000
$MCA_CAL:
3
0.000000E+000 0.000000E+000 0.000000E+000 
$SHAPE_CAL:
3
0.000000E+000 0.000000E+000 0.000000E+000
