$SPEC_ID:
PRAK02 Easy-MCA-2k SN
$SPEC_REM:
DET# 1
DETDESC# PRAK01 Easy-MCA-2k SN 15071856
AP# Maestro Version 7.01
$DATE_MEA:
04/02/2002 05:32:21
$MEAS_TIM:
300 300
$DATA:
0 511
       0
       0
       0
       0
       0
       0
       0
       0
       0
       0
       0
       0
       0
       0
       0
       0
       0
       0
       2
     268
     461
     460
     431
     400
     403
     362
     395
     377
     367
     379
     348
     325
     319
     308
     351
     344
     369
     308
     310
     311
     299
     347
     285
     274
     230
     203
     191
     168
     161
     125
     141
     128
     127
     165
     157
     167
     207
     320
     601
     932
    1330
    1743
    1902
    1766
    1447
     949
     539
     276
     112
      62
      24
      15
      13
      14
      12
      14
      17
      11
      16
      14
      13
      12
      15
      20
      12
      22
       8
       8
       9
      13
       8
      10
      10
       8
      10
       7
       8
       8
       5
      10
      12
       6
       4
       6
       4
       7
       5
       5
       3
       7
       4
       4
       6
       7
       7
       5
       6
       7
       4
       2
       2
       2
       4
       7
       4
       4
       4
       3
       4
       5
       5
      16
       5
      13
      10
       6
      10
      13
       5
       3
       2
       3
       2
       4
       1
       3
       2
       0
       0
       2
       1
       2
       4
       2
       0
       4
       0
       0
       0
       0
       0
       0
       0
       1
       3
       2
       2
       3
       2
       0
       0
       1
       0
       2
       1
       2
       0
       1
       0
       2
       0
       0
       0
       1
       2
       0
       0
       1
       0
       0
       0
       0
       1
       2
       1
       1
       0
       1
       0
       1
       0
       1
       0
       0
       0
       2
       2
       2
       1
       1
       0
       1
       2
       1
       0
       1
       1
       0
       0
       1
       1
       0
       2
       0
       0
       1
       0
       0
       0
       0
       0
       0
       0
       0
       1
       2
       0
       0
       0
       1
       0
       0
       0
       0
       1
       0
       0
       0
       1
       0
       0
       0
       0
       0
       1
       0
       0
       0
       0
       0
       0
       0
       1
       0
       1
       0
       1
       0
       1
       0
       0
       0
       1
       2
       0
       1
       0
       1
       0
       1
       1
       1
       0
       0
       0
       0
       0
       0
       0
       0
       0
       0
       0
       0
       0
       0
       0
       0
       1
       0
       0
       0
       0
       0
       0
       0
       0
       0
       0
       0
       0
       0
       0
       0
       0
       0
       0
       0
       0
       0
       0
       0
       0
       0
       0
       1
       0
       0
       0
       0
       0
       0
       0
       0
       0
       0
       0
       0
       0
       0
       0
       0
       0
       0
       0
       0
       0
       0
       0
       0
       0
       0
       0
       0
       0
       0
       0
       0
       0
       0
       0
       0
       0
       0
       0
       0
       0
       0
       0
       0
       0
       0
       0
       0
       0
       0
       0
       0
       0
       0
       0
       0
       0
       0
       0
       0
       0
       0
       0
       0
       0
       0
       0
       0
       0
       0
       0
       0
       0
       0
       0
       0
       0
       0
       0
       0
       0
       0
       0
       0
       0
       0
       0
       0
       0
       0
       0
       0
       0
       0
       0
       0
       0
       0
       0
       0
       0
       0
       0
       0
       0
       0
       0
       0
       0
       0
       0
       0
       0
       0
       1
       0
       0
       0
       0
       0
       0
       0
       0
       0
       0
       0
       0
       0
       0
       0
       0
       0
       0
       0
       0
       0
       0
       0
       0
       0
       0
       0
       0
       0
       0
       0
       0
       0
       0
       0
       0
       0
       0
       0
       0
       0
       0
       0
       0
       0
       0
       0
       0
       0
       0
       0
       0
       0
       0
       0
       0
       0
       0
       0
       0
       0
       0
       0
       0
       0
       0
       0
       0
       0
       0
       0
$ROI:
0
$PRESETS:
Live Time
300
0
$ENER_FIT:
0.000000 0.000000
$MCA_CAL:
3
0.000000E+000 0.000000E+000 0.000000E+000 
$SHAPE_CAL:
3
0.000000E+000 0.000000E+000 0.000000E+000
