$SPEC_ID:
PRAK02 Easy-MCA-2k SN
$SPEC_REM:
DET# 1
DETDESC# PRAK01 Easy-MCA-2k SN 15071856
AP# Maestro Version 7.01
$DATE_MEA:
04/02/2002 04:58:14
$MEAS_TIM:
300 300
$DATA:
0 511
       0
       0
       0
       0
       0
       0
       0
       0
       0
       0
       0
       0
       0
       0
       0
       0
       0
       0
       2
     246
     413
     425
     399
     368
     328
     355
     326
     353
     303
     313
     299
     329
     299
     288
     281
     265
     264
     298
     283
     324
     268
     261
     289
     262
     230
     199
     164
     152
     134
     120
     135
     109
     112
     112
     119
     141
     156
     208
     320
     558
     916
    1298
    1621
    1764
    1521
    1210
     717
     379
     194
      65
      30
      12
      20
      16
       9
      14
      10
      11
      10
       4
      10
      13
      13
       6
      16
       9
       9
       7
       8
      10
      10
       7
       8
       8
       7
       8
       9
       6
       6
      10
       6
       4
       8
       9
       7
       8
       5
       8
       5
      12
      12
       8
       5
       3
       6
       1
       3
       4
       6
       3
       3
       6
       4
       5
       1
       6
       3
       3
       5
       6
       2
       9
      10
       5
       4
       8
       9
       6
       4
       6
       3
       6
       5
       4
       2
       1
       1
       1
       0
       2
       1
       1
       0
       2
       2
       2
       0
       0
       2
       4
       2
       2
       1
       2
       4
       1
       1
       1
       2
       3
       1
       3
       1
       4
       1
       0
       1
       0
       0
       1
       0
       1
       1
       0
       1
       2
       1
       1
       1
       1
       1
       1
       1
       0
       2
       1
       1
       1
       1
       2
       0
       2
       3
       0
       1
       0
       0
       0
       0
       1
       3
       5
       1
       1
       0
       1
       0
       2
       1
       0
       1
       2
       0
       0
       1
       0
       0
       1
       0
       0
       0
       0
       0
       0
       0
       0
       0
       0
       0
       0
       0
       0
       0
       1
       0
       0
       0
       0
       0
       0
       1
       0
       0
       0
       0
       0
       0
       0
       0
       0
       0
       0
       0
       0
       0
       1
       0
       0
       0
       0
       0
       0
       2
       0
       1
       0
       0
       0
       0
       0
       0
       1
       0
       1
       0
       0
       0
       0
       0
       0
       0
       1
       0
       0
       0
       0
       0
       0
       0
       0
       0
       0
       0
       0
       0
       0
       0
       0
       0
       0
       0
       0
       0
       0
       0
       0
       0
       0
       0
       0
       1
       0
       0
       0
       0
       0
       0
       0
       0
       0
       0
       0
       0
       1
       0
       0
       1
       0
       0
       0
       0
       0
       0
       0
       0
       0
       0
       0
       0
       0
       0
       0
       0
       0
       0
       0
       0
       0
       0
       0
       0
       0
       0
       0
       0
       0
       0
       0
       0
       0
       0
       0
       0
       0
       0
       0
       0
       0
       0
       0
       0
       1
       0
       0
       0
       0
       0
       0
       0
       0
       0
       0
       0
       0
       0
       0
       0
       0
       0
       0
       0
       0
       0
       0
       0
       0
       0
       0
       0
       0
       0
       0
       0
       0
       0
       0
       0
       0
       0
       0
       0
       0
       0
       0
       0
       0
       0
       0
       0
       0
       0
       0
       0
       0
       0
       0
       0
       0
       0
       0
       0
       0
       0
       0
       0
       0
       0
       0
       0
       0
       0
       0
       0
       0
       0
       0
       0
       0
       0
       0
       0
       0
       0
       0
       0
       0
       0
       0
       0
       0
       0
       0
       0
       0
       0
       0
       0
       0
       0
       0
       0
       0
       0
       0
       0
       0
       0
       0
       0
       0
       0
       0
       0
       0
       0
       0
       0
       0
       0
       0
       0
       0
       0
       0
       0
       0
       0
       0
       0
       0
       0
       0
$ROI:
0
$PRESETS:
Live Time
300
0
$ENER_FIT:
0.000000 0.000000
$MCA_CAL:
3
0.000000E+000 0.000000E+000 0.000000E+000 
$SHAPE_CAL:
3
0.000000E+000 0.000000E+000 0.000000E+000
