$SPEC_ID:
PRAK02 Easy-MCA-2k SN
$SPEC_REM:
DET# 1
DETDESC# PRAK01 Easy-MCA-2k SN 15071856
AP# Maestro Version 7.01
$DATE_MEA:
04/02/2002 05:09:24
$MEAS_TIM:
300 300
$DATA:
0 511
       0
       0
       0
       0
       0
       0
       0
       0
       0
       0
       0
       0
       0
       0
       0
       0
       0
       0
       0
     255
     465
     484
     447
     412
     432
     389
     376
     396
     366
     365
     367
     382
     365
     344
     349
     330
     329
     363
     350
     342
     318
     356
     311
     305
     278
     229
     193
     182
     142
     163
     138
     121
     121
     130
     123
     132
     189
     251
     391
     692
    1086
    1564
    1961
    2093
    1957
    1414
     934
     504
     206
      89
      35
      17
      14
      11
      18
       7
      14
      12
      12
      10
      12
       7
      12
       9
      10
       9
      10
      13
       4
       9
      16
      15
      11
       9
      12
      10
       8
       5
       5
       7
       8
       9
      11
       5
      14
       8
       9
       7
      11
       7
       7
       7
       2
       1
       5
       4
       4
       5
       4
       2
       2
       4
       3
       1
       6
       5
       5
       2
       7
      11
       4
       7
      10
      14
       9
      17
       8
       6
      14
       5
       4
       3
       3
       4
       0
       2
       1
       3
       1
       2
       1
       0
       0
       3
       3
       0
       1
       2
       1
       2
       2
       2
       1
       2
       2
       3
       1
       2
       1
       0
       2
       0
       3
       1
       2
       0
       1
       0
       1
       0
       2
       2
       0
       0
       2
       1
       0
       0
       1
       3
       0
       3
       1
       3
       1
       1
       0
       2
       2
       2
       5
       5
       1
       1
       0
       5
       1
       2
       0
       0
       1
       2
       1
       1
       0
       0
       0
       0
       1
       1
       0
       2
       0
       0
       1
       1
       0
       0
       0
       0
       1
       0
       0
       0
       0
       1
       0
       0
       0
       1
       0
       0
       1
       0
       0
       0
       0
       0
       0
       0
       0
       0
       0
       0
       0
       0
       0
       0
       0
       1
       0
       1
       0
       0
       0
       1
       0
       0
       0
       0
       0
       1
       0
       2
       0
       0
       0
       1
       1
       0
       0
       0
       0
       1
       0
       0
       0
       0
       0
       0
       1
       0
       0
       1
       0
       0
       0
       0
       0
       1
       0
       0
       0
       0
       1
       0
       0
       0
       1
       0
       0
       0
       0
       0
       1
       0
       0
       0
       0
       0
       1
       0
       0
       1
       0
       0
       0
       0
       1
       0
       1
       0
       0
       0
       0
       0
       0
       0
       0
       0
       0
       1
       0
       0
       0
       0
       0
       0
       0
       0
       0
       0
       0
       0
       0
       0
       0
       0
       0
       0
       0
       0
       0
       0
       0
       0
       0
       0
       0
       0
       0
       0
       0
       0
       1
       0
       0
       0
       0
       0
       0
       0
       0
       0
       0
       0
       0
       0
       0
       0
       0
       0
       0
       0
       0
       0
       0
       0
       0
       0
       0
       0
       0
       0
       0
       0
       0
       0
       0
       0
       0
       0
       0
       0
       0
       0
       0
       0
       0
       0
       0
       0
       0
       0
       0
       0
       0
       0
       0
       0
       0
       0
       0
       0
       0
       0
       0
       0
       0
       0
       0
       0
       0
       0
       0
       0
       0
       0
       0
       0
       0
       0
       0
       0
       0
       0
       0
       0
       0
       0
       0
       0
       0
       0
       0
       0
       0
       0
       0
       0
       0
       0
       0
       0
       0
       0
       0
       0
       0
       0
       0
       0
       0
       0
       0
       0
       0
       0
       0
       0
       0
       0
       0
       0
       0
       0
       0
       0
       0
       0
       0
       0
       0
       0
       0
       0
       0
       0
       0
       0
       0
       0
$ROI:
0
$PRESETS:
Live Time
300
0
$ENER_FIT:
0.000000 0.000000
$MCA_CAL:
3
0.000000E+000 0.000000E+000 0.000000E+000 
$SHAPE_CAL:
3
0.000000E+000 0.000000E+000 0.000000E+000
