$SPEC_ID:
PRAK02 Easy-MCA-2k SN
$SPEC_REM:
DET# 1
DETDESC# PRAK01 Easy-MCA-2k SN 15071856
AP# Maestro Version 7.01
$DATE_MEA:
04/02/2002 04:26:32
$MEAS_TIM:
300 300
$DATA:
0 511
       0
       0
       0
       0
       0
       0
       0
       0
       0
       0
       0
       0
       0
       0
       1
       0
       0
       0
       2
    1085
    1835
    1867
    1808
    1813
    1666
    1607
    1600
    1579
    1576
    1546
    1461
    1508
    1506
    1464
    1461
    1491
    1474
    1507
    1525
    1376
    1502
    1410
    1423
    1349
    1315
    1014
     918
     778
     680
     616
     586
     600
     555
     588
     576
     607
     798
    1011
    1541
    2623
    4572
    6630
    8402
    9335
    8605
    6468
    4192
    2410
    1026
     398
     128
      52
      27
      14
      17
      11
      13
      19
      13
      12
       9
       7
      20
      14
      23
      14
      13
      10
       7
      12
      12
      10
       7
       7
      12
      14
      11
      11
      12
       6
       9
      11
       4
       9
      11
      10
      11
      11
       5
      10
       7
       2
       9
       5
       6
       3
       6
       5
       5
       2
       6
       9
       4
       4
       6
       2
       4
       5
       6
       6
       7
       6
       9
       8
       6
      10
      12
       9
       3
      12
       8
       5
       3
       0
       3
       0
       2
       4
       1
       4
       2
       3
       1
       0
       2
       2
       4
       5
       1
       3
       2
       0
       2
       3
       0
       2
       2
       3
       1
       0
       0
       4
       0
       0
       2
       0
       2
       1
       2
       3
       0
       1
       1
       1
       0
       0
       0
       0
       2
       1
       1
       1
       0
       1
       2
       1
       0
       1
       1
       1
       0
       2
       0
       1
       1
       1
       1
       2
       2
       2
       1
       2
       1
       0
       1
       1
       0
       0
       1
       1
       0
       0
       0
       0
       0
       0
       0
       0
       0
       0
       0
       0
       1
       0
       0
       1
       0
       1
       0
       0
       0
       1
       0
       0
       0
       0
       0
       0
       0
       0
       0
       0
       0
       1
       0
       0
       0
       0
       0
       0
       0
       0
       1
       1
       0
       0
       0
       1
       1
       0
       0
       2
       0
       0
       0
       1
       0
       0
       0
       0
       0
       1
       0
       0
       0
       1
       0
       0
       0
       0
       0
       0
       0
       0
       0
       0
       1
       1
       0
       0
       2
       0
       0
       0
       0
       0
       0
       0
       0
       1
       0
       0
       1
       0
       0
       0
       0
       0
       0
       0
       0
       0
       0
       0
       0
       0
       0
       1
       0
       0
       0
       0
       0
       0
       0
       0
       0
       0
       0
       0
       0
       0
       0
       0
       0
       0
       0
       0
       0
       0
       0
       0
       0
       0
       0
       0
       0
       0
       0
       0
       0
       0
       0
       0
       0
       0
       0
       0
       0
       0
       0
       0
       0
       0
       1
       0
       0
       0
       0
       0
       0
       0
       0
       0
       0
       0
       0
       0
       0
       0
       1
       0
       0
       0
       0
       0
       0
       0
       0
       0
       0
       0
       0
       0
       0
       0
       0
       0
       0
       0
       0
       0
       0
       0
       0
       0
       0
       0
       0
       0
       0
       0
       0
       0
       0
       0
       0
       0
       0
       0
       0
       0
       0
       0
       0
       0
       0
       0
       0
       0
       0
       0
       0
       0
       0
       0
       0
       0
       0
       0
       0
       0
       0
       0
       0
       0
       0
       0
       0
       0
       0
       0
       0
       0
       0
       0
       0
       0
       0
       0
       0
       0
       0
       0
       0
       0
       0
       0
       0
       0
       0
       0
       0
       0
       0
       0
       0
       0
       0
       0
       0
       0
       0
       0
       0
       0
       0
       0
       0
       0
       0
       0
       0
       0
       0
       0
       0
       0
       0
       0
       0
       0
$ROI:
0
$PRESETS:
Live Time
300
0
$ENER_FIT:
0.000000 0.000000
$MCA_CAL:
3
0.000000E+000 0.000000E+000 0.000000E+000 
$SHAPE_CAL:
3
0.000000E+000 0.000000E+000 0.000000E+000
