$SPEC_ID:
PRAK02 Easy-MCA-2k SN
$SPEC_REM:
DET# 1
DETDESC# PRAK01 Easy-MCA-2k SN 15071856
AP# Maestro Version 7.01
$DATE_MEA:
04/02/2002 01:50:13
$MEAS_TIM:
300 300
$DATA:
0 511
       0
       0
       0
       0
       0
       0
       0
       0
       0
       0
       0
       0
       0
       0
       0
       0
       1
       1
       7
    1052
    1966
    1885
    1837
    1768
    1689
    1690
    1603
    1550
    1521
    1510
    1583
    1479
    1462
    1521
    1468
    1532
    1558
    1440
    1576
    1590
    1509
    1466
    1430
    1341
    1232
     968
     867
     736
     618
     539
     596
     535
     582
     553
     597
     663
     794
    1183
    2110
    3477
    5641
    7781
    9163
    8973
    7404
    5203
    3080
    1462
     610
     207
      82
      28
      22
      13
      14
      22
      13
      19
      15
      17
      18
       7
      16
      10
      15
       8
      11
      14
       5
       9
      11
       8
       5
      14
       9
      10
       5
       8
       6
       9
      17
      15
       9
       8
       3
       4
       7
      10
       9
       8
      10
      12
       6
       8
       3
       3
       5
       8
       5
       6
       2
       3
       1
       4
       2
       6
       4
       3
       6
       3
       6
      10
       7
       6
       5
       9
       7
       6
       5
       4
       3
       2
       4
       2
       1
       4
       2
       3
       2
       1
       1
       1
       0
       0
       1
       1
       0
       3
       1
       0
       6
       0
       1
       2
       0
       0
       1
       2
       3
       2
       0
       0
       2
       0
       2
       1
       0
       1
       1
       1
       2
       0
       1
       1
       1
       0
       0
       0
       1
       2
       0
       0
       0
       2
       0
       0
       0
       2
       1
       1
       0
       2
       1
       0
       1
       1
       2
       0
       2
       3
       1
       0
       0
       1
       0
       0
       1
       1
       0
       0
       2
       0
       1
       0
       0
       0
       1
       0
       0
       0
       0
       0
       0
       0
       0
       0
       0
       0
       0
       0
       0
       0
       0
       0
       0
       0
       0
       1
       0
       0
       0
       0
       0
       0
       0
       0
       1
       1
       1
       0
       0
       1
       0
       0
       0
       0
       0
       0
       0
       1
       0
       1
       0
       1
       0
       0
       0
       0
       0
       0
       0
       0
       0
       0
       1
       0
       0
       0
       0
       1
       0
       0
       0
       0
       0
       0
       0
       1
       2
       0
       1
       0
       0
       0
       0
       0
       0
       0
       0
       0
       0
       0
       0
       0
       0
       0
       0
       0
       0
       0
       0
       0
       0
       0
       0
       0
       0
       0
       0
       0
       0
       0
       0
       0
       0
       0
       0
       0
       0
       0
       0
       0
       0
       0
       0
       0
       0
       0
       0
       0
       0
       0
       0
       0
       0
       0
       0
       0
       0
       0
       0
       0
       0
       0
       0
       0
       0
       0
       0
       0
       0
       0
       0
       0
       0
       0
       0
       0
       0
       0
       0
       0
       0
       0
       0
       0
       0
       0
       0
       0
       0
       0
       0
       0
       0
       0
       0
       0
       0
       0
       0
       0
       0
       0
       0
       0
       0
       0
       0
       0
       0
       0
       0
       0
       0
       0
       0
       0
       0
       0
       0
       0
       0
       0
       0
       0
       0
       0
       0
       0
       0
       0
       0
       0
       0
       0
       0
       0
       0
       0
       0
       0
       0
       0
       0
       0
       0
       0
       0
       0
       0
       0
       0
       0
       0
       0
       0
       0
       0
       0
       0
       0
       0
       0
       0
       0
       0
       0
       0
       0
       0
       0
       0
       0
       0
       0
       0
       0
       0
       0
       0
       0
       0
       0
       0
       0
       0
       0
       0
       0
       0
       0
       0
       0
       0
       0
       0
       0
       0
       0
       0
       0
       0
       0
       0
       0
       0
       0
       0
       0
       0
       0
$ROI:
0
$PRESETS:
Live Time
300
0
$ENER_FIT:
0.000000 0.000000
$MCA_CAL:
3
0.000000E+000 0.000000E+000 0.000000E+000 
$SHAPE_CAL:
3
0.000000E+000 0.000000E+000 0.000000E+000
