$SPEC_ID:
PRAK02 Easy-MCA-2k SN
$SPEC_REM:
DET# 1
DETDESC# PRAK01 Easy-MCA-2k SN 15071856
AP# Maestro Version 7.01
$DATE_MEA:
04/02/2002 04:32:26
$MEAS_TIM:
300 300
$DATA:
0 511
       0
       0
       0
       0
       0
       0
       0
       0
       0
       0
       0
       1
       0
       2
       1
       1
       0
       0
       1
    1061
    1958
    1947
    1801
    1771
    1702
    1692
    1633
    1559
    1643
    1520
    1438
    1481
    1416
    1481
    1481
    1458
    1482
    1472
    1494
    1498
    1548
    1529
    1503
    1353
    1231
    1041
     941
     781
     666
     690
     641
     538
     587
     623
     587
     631
     706
     953
    1561
    2697
    4405
    6595
    8551
    9359
    8798
    6652
    4291
    2205
    1053
     409
     134
      44
      27
      25
      19
      18
      21
      24
      17
       4
      21
       8
      10
       6
      17
       9
      11
      16
      11
      14
      13
       8
       8
      16
       7
       4
      10
       4
       7
       7
      11
      16
      13
       7
       5
       6
      12
       5
       5
       7
       9
       9
       3
      13
       7
       9
       8
       3
       4
       7
       6
       6
       4
       8
       1
       5
       6
       3
       7
       8
       5
       4
      13
      14
      13
       5
      14
      11
       5
       7
       2
       3
       4
       3
       1
       2
       2
       3
       2
       1
       3
       2
       0
       2
       2
       0
       1
       2
       0
       3
       2
       2
       1
       0
       3
       4
       2
       4
       1
       1
       0
       1
       0
       2
       1
       0
       1
       0
       1
       1
       0
       3
       1
       1
       1
       0
       0
       0
       0
       1
       2
       0
       1
       1
       0
       2
       1
       2
       0
       2
       0
       0
       3
       1
       6
       2
       0
       1
       1
       3
       1
       0
       0
       4
       0
       1
       2
       1
       0
       0
       1
       1
       0
       1
       0
       1
       0
       1
       1
       1
       1
       0
       0
       1
       0
       1
       0
       0
       0
       0
       0
       0
       0
       0
       0
       1
       1
       0
       1
       1
       0
       0
       0
       0
       0
       0
       0
       0
       0
       0
       0
       0
       0
       0
       0
       0
       0
       1
       1
       0
       0
       0
       0
       0
       0
       0
       1
       0
       0
       1
       0
       0
       0
       0
       0
       0
       1
       0
       0
       0
       1
       0
       0
       0
       0
       0
       0
       0
       0
       0
       1
       0
       0
       0
       0
       0
       0
       1
       0
       0
       0
       0
       0
       0
       0
       0
       0
       1
       0
       0
       0
       1
       0
       0
       0
       0
       0
       0
       0
       0
       0
       0
       0
       0
       0
       0
       0
       0
       0
       0
       0
       0
       0
       0
       0
       0
       0
       0
       0
       0
       0
       0
       0
       1
       0
       0
       0
       0
       0
       0
       0
       0
       0
       0
       0
       0
       0
       0
       0
       0
       0
       0
       0
       0
       0
       0
       0
       0
       0
       0
       0
       0
       0
       0
       0
       0
       0
       0
       0
       0
       0
       0
       0
       0
       0
       0
       0
       0
       0
       0
       0
       0
       0
       0
       0
       0
       0
       0
       0
       0
       0
       0
       0
       0
       0
       0
       0
       1
       0
       0
       0
       0
       0
       0
       0
       0
       0
       0
       0
       0
       0
       0
       0
       0
       1
       0
       0
       0
       0
       0
       0
       0
       0
       0
       0
       0
       0
       0
       0
       0
       0
       0
       0
       0
       0
       0
       0
       0
       0
       0
       0
       0
       0
       0
       0
       0
       0
       0
       0
       0
       0
       0
       0
       0
       0
       0
       0
       0
       0
       0
       0
       0
       0
       0
       0
       0
       0
       0
       0
       0
       0
       0
       0
       0
       0
       0
       0
       0
       0
       0
       0
       0
       0
       0
       0
       0
       0
       0
       0
       0
       0
       0
$ROI:
0
$PRESETS:
Live Time
300
0
$ENER_FIT:
0.000000 0.000000
$MCA_CAL:
3
0.000000E+000 0.000000E+000 0.000000E+000 
$SHAPE_CAL:
3
0.000000E+000 0.000000E+000 0.000000E+000
