$SPEC_ID:
PRAK02 Easy-MCA-2k SN
$SPEC_REM:
DET# 1
DETDESC# PRAK01 Easy-MCA-2k SN 15071856
AP# Maestro Version 7.01
$DATE_MEA:
04/02/2002 02:58:50
$MEAS_TIM:
300 300
$DATA:
0 511
       0
       0
       0
       0
       0
       0
       0
       0
       0
       0
       0
       0
       0
       1
       0
       1
       0
       0
       4
     939
    1683
    1640
    1610
    1464
    1364
    1413
    1420
    1362
    1292
    1329
    1344
    1281
    1231
    1240
    1245
    1244
    1336
    1323
    1275
    1296
    1348
    1243
    1284
    1223
    1018
     976
     767
     666
     650
     536
     510
     489
     467
     479
     461
     533
     591
     866
    1406
    2360
    3743
    5695
    7121
    8115
    7556
    5738
    3710
    1934
     971
     359
     113
      42
      28
      12
      16
      13
       8
      11
      17
       7
      12
      12
      12
      13
      15
      10
      11
      17
       6
       8
      10
      13
       9
      14
      16
       9
      18
       7
       8
      11
       9
       9
      13
       7
       7
       4
      10
      17
      10
       4
       5
      10
       5
       5
       9
       4
       5
       6
       5
       5
       4
       3
       4
       8
       1
       4
       4
       4
       8
       3
       7
       7
       5
       9
      11
      11
      10
      12
       9
       8
       8
       2
       5
       0
       2
       2
       1
       2
       1
       2
       0
       0
       0
       1
       0
       0
       4
       0
       1
       2
       0
       2
       3
       1
       4
       0
       3
       2
       0
       2
       1
       1
       0
       1
       2
       0
       0
       0
       1
       2
       0
       1
       1
       1
       2
       1
       0
       2
       1
       2
       1
       0
       1
       2
       1
       0
       1
       1
       1
       0
       1
       0
       0
       1
       0
       3
       0
       0
       0
       0
       0
       0
       0
       0
       1
       0
       0
       0
       2
       0
       0
       0
       1
       0
       0
       0
       0
       0
       0
       0
       0
       0
       1
       0
       0
       0
       0
       0
       0
       0
       0
       2
       1
       0
       0
       0
       0
       0
       0
       0
       0
       0
       0
       0
       3
       0
       1
       1
       0
       2
       0
       0
       0
       0
       0
       0
       0
       0
       1
       0
       0
       2
       0
       0
       1
       0
       1
       0
       0
       0
       0
       0
       0
       1
       0
       0
       0
       0
       0
       0
       1
       1
       0
       0
       0
       1
       0
       1
       0
       0
       0
       0
       0
       0
       1
       0
       0
       0
       0
       0
       0
       0
       0
       0
       0
       0
       0
       0
       0
       0
       0
       0
       0
       0
       0
       0
       0
       0
       0
       0
       0
       1
       0
       0
       0
       0
       0
       0
       0
       0
       0
       0
       0
       0
       0
       0
       0
       0
       0
       0
       0
       0
       0
       0
       0
       0
       0
       0
       0
       0
       0
       0
       0
       0
       0
       0
       0
       0
       0
       0
       0
       0
       0
       1
       0
       0
       0
       0
       0
       0
       0
       0
       0
       0
       0
       0
       1
       0
       0
       0
       0
       0
       0
       0
       0
       0
       0
       0
       0
       0
       0
       0
       0
       0
       0
       0
       0
       0
       0
       0
       0
       0
       0
       0
       0
       0
       0
       0
       0
       0
       0
       0
       0
       0
       0
       0
       0
       0
       0
       0
       0
       0
       0
       0
       0
       0
       0
       0
       0
       0
       0
       0
       0
       0
       0
       0
       0
       0
       0
       0
       0
       0
       0
       0
       0
       0
       0
       0
       0
       0
       0
       0
       0
       0
       0
       0
       0
       0
       0
       0
       0
       0
       0
       0
       0
       0
       0
       0
       0
       0
       0
       0
       0
       0
       0
       0
       0
       0
       0
       0
       0
       0
       0
       0
       0
       0
       0
       0
       0
       0
       0
       0
       0
       0
       0
       0
       0
       0
       0
       0
       0
       0
$ROI:
0
$PRESETS:
Live Time
300
0
$ENER_FIT:
0.000000 0.000000
$MCA_CAL:
3
0.000000E+000 0.000000E+000 0.000000E+000 
$SHAPE_CAL:
3
0.000000E+000 0.000000E+000 0.000000E+000
