$SPEC_ID:
PRAK02 Easy-MCA-2k SN
$SPEC_REM:
DET# 1
DETDESC# PRAK01 Easy-MCA-2k SN 15071856
AP# Maestro Version 7.01
$DATE_MEA:
04/02/2002 02:16:29
$MEAS_TIM:
300 300
$DATA:
0 511
       0
       0
       0
       0
       0
       0
       0
       0
       0
       0
       0
       0
       0
       0
       0
       0
       0
       1
       1
     937
    1697
    1617
    1657
    1567
    1412
    1389
    1392
    1349
    1357
    1333
    1267
    1334
    1292
    1291
    1262
    1294
    1289
    1310
    1318
    1338
    1300
    1295
    1239
    1089
     954
     831
     723
     606
     506
     526
     498
     541
     487
     524
     525
     667
     817
    1319
    2223
    3574
    5554
    7009
    7998
    7469
    5970
    3914
    2146
    1118
     422
     164
      66
      25
      23
      13
      11
      12
      22
       6
      16
      15
      11
      13
      13
      14
      12
      21
      14
       8
      18
      14
      15
      12
      13
      11
      14
      12
      19
       9
      12
      11
      14
      10
      11
      12
       7
       7
       5
       8
       4
      10
       9
       5
       7
      11
       2
      12
       6
       6
       9
       6
       4
       9
       6
       5
       1
       3
       1
       2
       6
       6
       8
      11
      10
      12
       9
       9
       4
       5
       2
       4
       1
       1
       0
       2
       0
       2
       5
       2
       2
       1
       1
       2
       0
       6
       1
       1
       2
       1
       2
       5
       1
       2
       0
       2
       0
       2
       0
       2
       0
       0
       3
       2
       2
       4
       0
       1
       1
       1
       0
       1
       1
       0
       0
       0
       3
       1
       1
       1
       1
       0
       1
       0
       1
       0
       1
       3
       1
       1
       1
       2
       2
       1
       3
       0
       2
       0
       2
       0
       0
       0
       0
       0
       1
       0
       1
       1
       0
       0
       0
       0
       0
       0
       0
       0
       1
       0
       0
       2
       0
       0
       0
       0
       0
       1
       0
       0
       1
       0
       0
       0
       0
       0
       0
       0
       0
       0
       0
       0
       0
       0
       0
       0
       0
       0
       0
       0
       1
       0
       0
       0
       1
       0
       0
       0
       0
       0
       1
       1
       1
       0
       0
       0
       0
       1
       0
       0
       0
       1
       0
       0
       0
       0
       0
       1
       0
       1
       0
       0
       0
       0
       0
       0
       0
       0
       0
       0
       0
       0
       0
       0
       0
       0
       0
       0
       0
       0
       0
       0
       0
       0
       0
       0
       0
       0
       1
       0
       0
       0
       0
       0
       0
       0
       0
       0
       0
       0
       0
       0
       0
       0
       0
       0
       1
       0
       0
       0
       0
       0
       0
       0
       0
       0
       0
       0
       0
       0
       0
       0
       0
       0
       0
       0
       0
       0
       0
       1
       0
       0
       0
       0
       0
       0
       0
       0
       0
       0
       0
       0
       0
       0
       0
       0
       0
       0
       0
       0
       0
       0
       0
       0
       0
       0
       0
       0
       0
       0
       0
       0
       0
       0
       0
       0
       0
       0
       0
       0
       0
       0
       0
       0
       0
       0
       0
       0
       0
       0
       0
       0
       0
       0
       0
       0
       0
       0
       0
       0
       0
       0
       0
       0
       0
       0
       0
       0
       0
       0
       0
       0
       0
       0
       0
       0
       0
       0
       0
       0
       0
       0
       0
       0
       0
       1
       0
       0
       0
       0
       0
       0
       0
       0
       0
       0
       0
       0
       0
       0
       0
       0
       0
       0
       0
       0
       0
       0
       0
       0
       0
       0
       0
       0
       0
       0
       0
       0
       0
       0
       0
       0
       0
       0
       0
       0
       0
       0
       0
       0
       0
       0
       0
       0
       0
       0
       0
       0
       0
       0
       0
       0
       0
       0
       0
       0
       0
       0
       0
       0
       0
       0
       0
       0
       0
       0
$ROI:
0
$PRESETS:
Live Time
300
0
$ENER_FIT:
0.000000 0.000000
$MCA_CAL:
3
0.000000E+000 0.000000E+000 0.000000E+000 
$SHAPE_CAL:
3
0.000000E+000 0.000000E+000 0.000000E+000
