$SPEC_ID:
PRAK02 Easy-MCA-2k SN
$SPEC_REM:
DET# 1
DETDESC# PRAK01 Easy-MCA-2k SN 15071856
AP# Maestro Version 7.01
$DATE_MEA:
04/02/2002 02:46:05
$MEAS_TIM:
300 300
$DATA:
0 511
       0
       0
       0
       0
       0
       0
       0
       0
       0
       0
       0
       0
       0
       0
       0
       0
       0
       0
       4
     891
    1515
    1476
    1560
    1447
    1386
    1288
    1316
    1217
    1211
    1278
    1257
    1251
    1109
    1197
    1159
    1217
    1155
    1212
    1233
    1216
    1260
    1191
    1185
    1155
     999
     878
     757
     619
     518
     458
     456
     464
     442
     435
     513
     511
     604
     817
    1294
    2088
    3648
    5264
    6853
    7621
    6949
    5217
    3465
    1901
     854
     337
     103
      48
      21
      19
      20
      22
      14
      13
      12
      10
      17
       8
      13
      13
      10
       6
      19
      14
       9
      12
      15
      14
      13
      18
       8
      11
       8
       7
       8
      11
       6
       7
       6
      12
       5
      11
       4
      10
      12
       3
       8
       5
      11
       6
       5
       6
       9
       8
       6
       7
       2
       5
       5
      10
       3
       5
       2
       3
       6
       3
       3
       4
       4
       9
       7
       9
       9
       6
       5
       4
       3
       6
       5
       2
       2
       1
       5
       2
       3
       1
       1
       1
       3
       2
       1
       0
       0
       0
       0
       4
       3
       0
       2
       3
       1
       0
       0
       2
       1
       0
       1
       1
       1
       1
       0
       1
       1
       1
       1
       2
       3
       1
       0
       1
       1
       0
       0
       1
       0
       1
       2
       1
       0
       1
       1
       1
       1
       2
       0
       0
       0
       0
       0
       0
       0
       0
       2
       0
       0
       1
       0
       0
       0
       0
       1
       0
       0
       0
       0
       0
       0
       0
       0
       1
       0
       0
       1
       0
       0
       0
       0
       0
       0
       0
       1
       0
       0
       0
       0
       0
       0
       0
       0
       1
       0
       0
       0
       0
       0
       0
       0
       0
       0
       0
       0
       0
       0
       0
       0
       0
       0
       0
       0
       0
       0
       2
       0
       0
       0
       0
       0
       0
       0
       0
       0
       1
       1
       0
       0
       0
       1
       1
       0
       0
       0
       1
       0
       0
       0
       1
       0
       0
       1
       0
       0
       0
       1
       0
       1
       0
       0
       0
       0
       0
       0
       0
       0
       0
       0
       0
       0
       0
       0
       0
       0
       0
       0
       0
       0
       0
       0
       0
       0
       0
       0
       0
       0
       0
       0
       0
       0
       0
       0
       0
       0
       0
       0
       0
       0
       0
       0
       1
       0
       0
       0
       0
       0
       0
       0
       0
       0
       0
       0
       0
       0
       0
       0
       0
       0
       0
       0
       0
       0
       0
       0
       0
       0
       0
       0
       0
       0
       0
       0
       0
       0
       0
       0
       0
       0
       0
       0
       0
       0
       0
       0
       0
       0
       0
       0
       0
       0
       0
       0
       0
       0
       0
       0
       0
       0
       0
       0
       0
       0
       0
       0
       0
       0
       0
       0
       0
       0
       0
       0
       0
       0
       0
       0
       0
       0
       0
       0
       0
       0
       0
       0
       0
       0
       0
       0
       0
       0
       0
       0
       0
       0
       0
       0
       0
       0
       0
       0
       0
       0
       0
       0
       0
       0
       0
       0
       0
       0
       0
       0
       0
       0
       0
       0
       0
       0
       0
       0
       0
       0
       0
       0
       0
       0
       0
       0
       0
       0
       0
       0
       0
       0
       0
       0
       0
       0
       0
       0
       0
       0
       0
       0
       0
       0
       0
       0
       0
       0
       0
       0
       0
       0
       0
       0
       0
       0
       0
       0
       0
       0
       0
       0
       0
       0
       0
       0
       0
       0
       0
$ROI:
0
$PRESETS:
Live Time
300
0
$ENER_FIT:
0.000000 0.000000
$MCA_CAL:
3
0.000000E+000 0.000000E+000 0.000000E+000 
$SHAPE_CAL:
3
0.000000E+000 0.000000E+000 0.000000E+000
