$SPEC_ID:
PRAK02 Easy-MCA-2k SN
$SPEC_REM:
DET# 1
DETDESC# PRAK01 Easy-MCA-2k SN 15071856
AP# Maestro Version 7.01
$DATE_MEA:
04/02/2002 03:12:04
$MEAS_TIM:
300 300
$DATA:
0 511
       0
       0
       0
       0
       0
       0
       0
       0
       0
       0
       0
       0
       0
       0
       1
       0
       0
       1
       5
     904
    1658
    1633
    1506
    1559
    1462
    1383
    1431
    1358
    1291
    1345
    1272
    1243
    1266
    1275
    1287
    1257
    1281
    1262
    1315
    1334
    1226
    1295
    1236
    1153
    1054
     924
     755
     661
     573
     498
     506
     438
     479
     519
     483
     560
     633
     895
    1366
    2437
    3888
    5845
    7273
    7965
    7378
    5719
    3663
    1961
     891
     341
     106
      28
      21
      18
       9
      14
      16
      12
      13
      13
      15
       7
       8
      19
      13
      11
      19
      11
      10
      13
      14
      12
      10
       7
      10
       9
      10
      11
       8
       8
       8
      11
      12
      10
       6
       3
       8
      12
       5
       5
       8
       7
       5
       8
       3
       6
       4
      10
       3
       6
       2
       6
       3
       8
       6
       5
       3
       1
       6
       5
       5
       5
      12
       9
       8
      15
       9
       9
       3
       3
       3
       9
       4
       1
       2
       2
       2
       3
       4
       2
       2
       3
       2
       2
       2
       2
       4
       3
       1
       1
       1
       4
       1
       5
       2
       0
       2
       2
       3
       1
       0
       1
       1
       0
       3
       1
       0
       0
       1
       1
       1
       3
       1
       0
       1
       2
       0
       0
       3
       1
       0
       1
       1
       0
       1
       2
       1
       2
       0
       1
       0
       0
       0
       1
       3
       0
       0
       1
       2
       3
       0
       0
       1
       1
       0
       0
       1
       0
       1
       0
       0
       0
       1
       0
       0
       0
       1
       0
       0
       0
       1
       0
       0
       0
       0
       0
       1
       1
       0
       0
       0
       0
       0
       0
       0
       0
       0
       0
       0
       2
       2
       0
       0
       0
       0
       0
       0
       0
       0
       0
       2
       1
       1
       0
       0
       0
       0
       0
       1
       1
       0
       1
       1
       0
       0
       0
       1
       0
       1
       0
       1
       1
       0
       0
       2
       0
       0
       0
       0
       1
       0
       1
       0
       0
       1
       0
       1
       0
       0
       0
       0
       0
       0
       0
       0
       0
       0
       0
       0
       0
       0
       0
       0
       0
       0
       0
       0
       0
       0
       0
       0
       1
       0
       0
       0
       0
       0
       0
       0
       0
       0
       0
       0
       0
       0
       0
       0
       0
       1
       0
       0
       1
       0
       0
       0
       0
       0
       0
       0
       0
       0
       0
       0
       0
       0
       0
       0
       0
       0
       0
       0
       0
       0
       0
       0
       0
       0
       0
       0
       0
       0
       0
       0
       0
       0
       0
       0
       1
       0
       0
       0
       0
       0
       0
       0
       0
       0
       0
       0
       0
       0
       0
       0
       0
       0
       0
       0
       0
       0
       0
       0
       0
       0
       0
       0
       0
       0
       0
       0
       0
       0
       0
       0
       0
       0
       0
       0
       0
       0
       0
       0
       0
       0
       0
       0
       0
       0
       0
       0
       0
       0
       0
       0
       0
       0
       0
       0
       0
       0
       0
       0
       0
       0
       0
       0
       0
       0
       0
       0
       0
       0
       0
       0
       0
       0
       0
       0
       0
       0
       0
       0
       0
       0
       0
       0
       0
       0
       0
       0
       0
       0
       0
       0
       0
       0
       0
       0
       0
       0
       0
       0
       0
       0
       0
       0
       0
       0
       0
       0
       0
       0
       0
       0
       0
       0
       0
       0
       0
       0
       0
       0
       0
       0
       0
       0
       0
       0
       0
       0
       0
       0
       0
$ROI:
0
$PRESETS:
Live Time
300
0
$ENER_FIT:
0.000000 0.000000
$MCA_CAL:
3
0.000000E+000 0.000000E+000 0.000000E+000 
$SHAPE_CAL:
3
0.000000E+000 0.000000E+000 0.000000E+000
