$SPEC_ID:
PRAK02 Easy-MCA-2k SN
$SPEC_REM:
DET# 1
DETDESC# PRAK01 Easy-MCA-2k SN 15071856
AP# Maestro Version 7.01
$DATE_MEA:
04/02/2002 02:32:10
$MEAS_TIM:
300 300
$DATA:
0 511
       0
       0
       0
       0
       0
       0
       0
       0
       0
       0
       0
       0
       0
       0
       0
       2
       1
       1
       5
     945
    1627
    1569
    1496
    1517
    1484
    1371
    1369
    1332
    1272
    1330
    1225
    1285
    1213
    1268
    1261
    1209
    1245
    1245
    1279
    1286
    1216
    1228
    1211
    1124
    1053
     950
     790
     695
     583
     533
     505
     465
     476
     451
     504
     522
     630
     789
    1316
    2251
    3770
    5674
    7083
    7980
    7273
    5521
    3558
    1934
     964
     323
     124
      53
      17
      17
      11
      11
       6
      10
      18
      12
      16
      13
      12
      11
      16
      10
      11
      10
       9
      12
      11
       6
       8
      14
      11
       4
       6
       8
       9
      11
       2
       8
       9
      11
       9
      17
       8
      10
       9
       5
       4
       2
       4
       7
       7
       5
       9
       8
       5
       5
       1
       3
       6
       0
       4
       3
       3
       1
       5
       7
       6
       6
       6
      13
      13
      10
       9
       5
      10
       3
       2
       3
       2
       3
       6
       1
       0
       2
       1
       3
       0
       3
       2
       2
       0
       4
       1
       1
       1
       3
       1
       0
       2
       1
       0
       0
       1
       3
       0
       0
       2
       0
       0
       0
       1
       2
       1
       1
       2
       1
       0
       3
       0
       1
       0
       0
       0
       1
       1
       1
       0
       1
       0
       0
       2
       0
       1
       0
       1
       1
       1
       3
       3
       0
       1
       3
       2
       0
       1
       0
       1
       3
       1
       0
       1
       0
       2
       0
       1
       2
       0
       0
       0
       1
       1
       1
       0
       0
       0
       0
       0
       0
       0
       0
       0
       0
       0
       0
       0
       1
       0
       0
       1
       0
       0
       0
       0
       0
       0
       0
       0
       0
       1
       0
       0
       0
       1
       0
       0
       0
       1
       0
       0
       0
       0
       0
       0
       1
       0
       0
       0
       0
       0
       0
       1
       0
       0
       0
       0
       1
       0
       0
       1
       0
       0
       0
       2
       0
       0
       0
       1
       0
       0
       0
       1
       0
       0
       1
       0
       0
       0
       0
       0
       0
       0
       0
       0
       0
       1
       0
       0
       0
       0
       0
       0
       0
       0
       0
       0
       0
       0
       0
       0
       0
       0
       0
       0
       0
       0
       0
       0
       0
       0
       0
       1
       0
       0
       0
       0
       0
       0
       0
       0
       0
       0
       0
       0
       0
       0
       0
       0
       0
       0
       0
       0
       0
       0
       0
       0
       0
       0
       0
       0
       0
       0
       0
       0
       0
       0
       0
       0
       0
       0
       0
       0
       0
       0
       0
       0
       0
       0
       0
       0
       0
       0
       0
       0
       0
       0
       0
       0
       0
       0
       0
       0
       0
       0
       0
       0
       0
       0
       0
       0
       0
       0
       0
       0
       0
       0
       0
       0
       0
       0
       0
       0
       0
       0
       0
       0
       0
       0
       0
       0
       0
       0
       0
       0
       0
       0
       0
       0
       0
       0
       0
       0
       0
       0
       0
       0
       0
       0
       0
       0
       0
       0
       0
       0
       0
       0
       0
       0
       0
       0
       0
       0
       0
       0
       0
       0
       0
       0
       0
       0
       0
       0
       0
       0
       0
       0
       0
       0
       0
       0
       0
       0
       0
       0
       0
       0
       0
       0
       0
       0
       0
       0
       0
       0
       0
       0
       0
       0
       0
       0
       0
       0
       0
       0
       0
       0
       0
       0
       0
       0
       0
       0
       0
       0
       0
       0
       0
       0
       0
$ROI:
0
$PRESETS:
Live Time
300
0
$ENER_FIT:
0.000000 0.000000
$MCA_CAL:
3
0.000000E+000 0.000000E+000 0.000000E+000 
$SHAPE_CAL:
3
0.000000E+000 0.000000E+000 0.000000E+000
