$SPEC_ID:
PRAK02 Easy-MCA-2k SN
$SPEC_REM:
DET# 1
DETDESC# PRAK01 Easy-MCA-2k SN 15071856
AP# Maestro Version 7.01
$DATE_MEA:
04/02/2002 02:39:07
$MEAS_TIM:
300 300
$DATA:
0 511
       0
       0
       0
       0
       0
       0
       0
       0
       0
       0
       0
       0
       0
       0
       1
       0
       0
       0
       3
     841
    1696
    1638
    1611
    1490
    1498
    1430
    1413
    1330
    1334
    1236
    1292
    1268
    1258
    1305
    1245
    1270
    1225
    1229
    1307
    1304
    1305
    1261
    1243
    1191
    1059
     941
     803
     619
     564
     554
     503
     490
     466
     474
     474
     499
     650
     823
    1403
    2311
    3862
    5640
    7041
    7775
    7236
    5729
    3775
    1952
     898
     358
     129
      34
      24
      12
      14
      14
      11
      16
      13
       8
      21
      15
      12
      13
      10
       9
      18
       5
      14
      19
       8
      13
       6
      10
       5
      12
       9
       8
      12
       6
       6
       7
       8
       8
       7
       9
       5
      11
       8
       9
       5
      13
       5
       6
       3
       8
       6
       5
       4
       6
       2
       1
       7
       5
       3
       4
       2
       3
       7
       6
       6
       5
       7
      10
       9
      12
      12
       9
       7
       3
       5
       1
       8
       3
       1
       6
       2
       1
       3
       0
       1
       1
       1
       2
       0
       1
       2
       0
       5
       4
       4
       0
       2
       1
       1
       2
       1
       1
       2
       0
       1
       0
       0
       4
       1
       1
       0
       0
       1
       1
       2
       3
       0
       2
       1
       2
       1
       3
       0
       0
       0
       1
       0
       4
       1
       1
       1
       0
       0
       2
       1
       0
       2
       0
       1
       2
       0
       1
       1
       0
       2
       1
       1
       1
       0
       1
       0
       0
       0
       0
       0
       0
       1
       0
       0
       0
       0
       0
       0
       0
       0
       1
       0
       0
       1
       0
       0
       0
       0
       0
       0
       0
       0
       0
       0
       0
       0
       0
       0
       0
       0
       0
       0
       1
       0
       0
       0
       0
       0
       0
       0
       0
       1
       0
       0
       0
       0
       0
       0
       0
       3
       0
       0
       0
       0
       0
       1
       0
       0
       0
       1
       1
       0
       0
       0
       1
       0
       0
       0
       0
       0
       2
       0
       0
       0
       1
       0
       0
       0
       0
       0
       0
       0
       0
       0
       0
       0
       0
       0
       0
       1
       0
       1
       0
       0
       0
       0
       0
       0
       0
       0
       0
       0
       0
       0
       0
       0
       0
       0
       0
       0
       0
       0
       0
       0
       0
       0
       0
       0
       0
       0
       0
       0
       0
       0
       0
       1
       0
       0
       0
       0
       0
       0
       0
       0
       0
       0
       0
       0
       0
       0
       0
       0
       0
       0
       0
       0
       0
       0
       0
       0
       0
       0
       0
       0
       0
       0
       0
       0
       0
       0
       0
       0
       0
       0
       0
       0
       0
       0
       0
       0
       0
       0
       0
       0
       1
       0
       0
       0
       0
       0
       0
       0
       0
       0
       0
       0
       0
       0
       0
       0
       0
       0
       0
       0
       0
       0
       0
       0
       0
       0
       0
       0
       0
       0
       0
       0
       0
       0
       0
       0
       0
       0
       0
       0
       0
       0
       0
       0
       0
       0
       0
       0
       0
       0
       0
       0
       0
       0
       0
       0
       0
       0
       0
       0
       0
       0
       0
       0
       0
       0
       0
       0
       0
       0
       0
       0
       0
       0
       0
       0
       0
       0
       0
       0
       0
       0
       0
       0
       0
       0
       0
       0
       0
       0
       0
       0
       0
       0
       0
       0
       0
       0
       0
       0
       0
       0
       0
       0
       0
       0
       0
       0
       0
       0
       0
       0
       0
       0
       0
       0
       0
$ROI:
0
$PRESETS:
Live Time
300
0
$ENER_FIT:
0.000000 0.000000
$MCA_CAL:
3
0.000000E+000 0.000000E+000 0.000000E+000 
$SHAPE_CAL:
3
0.000000E+000 0.000000E+000 0.000000E+000
