$SPEC_ID:
PRAK02 Easy-MCA-2k SN
$SPEC_REM:
DET# 1
DETDESC# PRAK01 Easy-MCA-2k SN 15071856
AP# Maestro Version 7.01
$DATE_MEA:
04/02/2002 03:05:30
$MEAS_TIM:
300 300
$DATA:
0 511
       0
       0
       0
       0
       0
       0
       0
       0
       0
       0
       0
       0
       0
       0
       0
       0
       0
       0
       3
     942
    1646
    1620
    1560
    1514
    1438
    1463
    1424
    1326
    1322
    1300
    1268
    1291
    1241
    1316
    1270
    1304
    1278
    1294
    1372
    1256
    1338
    1283
    1260
    1152
    1051
     893
     786
     684
     591
     542
     481
     496
     489
     515
     526
     562
     602
     817
    1321
    2339
    3833
    5733
    7287
    8012
    7488
    5641
    3700
    1888
     846
     332
      87
      53
      18
      12
      14
      12
      10
      11
      15
      12
      15
       7
       7
       6
      10
      10
       9
      15
      11
       8
      16
      13
      12
      12
      10
       8
      12
       7
       6
      11
       8
       4
       9
       6
       6
      11
      14
       7
      11
      11
      14
      10
       9
       8
       5
       4
       7
       8
       5
       8
       4
       4
       5
       3
       5
       5
       4
       6
       3
       6
       8
       9
       7
      15
       9
       6
       4
       6
       4
       7
       2
       6
       6
       3
       2
       6
       1
       2
       2
       1
       2
       2
       2
       3
       2
       2
       4
       1
       1
       2
       0
       0
       2
       0
       4
       4
       1
       0
       1
       0
       0
       1
       2
       0
       1
       0
       1
       0
       2
       0
       0
       2
       3
       1
       1
       1
       1
       0
       0
       1
       2
       1
       1
       0
       0
       2
       0
       1
       0
       0
       2
       1
       2
       2
       2
       0
       2
       2
       1
       0
       2
       0
       0
       2
       2
       0
       0
       0
       0
       0
       0
       0
       0
       0
       1
       0
       0
       1
       0
       0
       1
       0
       0
       0
       0
       0
       0
       0
       0
       1
       0
       0
       0
       0
       0
       0
       0
       1
       1
       0
       0
       0
       0
       0
       0
       1
       0
       0
       0
       0
       0
       0
       0
       0
       0
       0
       0
       0
       0
       0
       0
       0
       0
       0
       0
       1
       0
       0
       0
       0
       0
       0
       0
       1
       1
       0
       1
       0
       0
       0
       0
       1
       0
       0
       0
       0
       2
       2
       0
       0
       1
       0
       0
       0
       0
       0
       0
       0
       0
       0
       0
       0
       0
       0
       0
       0
       0
       0
       0
       0
       0
       0
       0
       0
       0
       0
       0
       0
       0
       0
       0
       0
       0
       0
       0
       0
       0
       0
       0
       0
       0
       0
       0
       0
       0
       0
       0
       0
       0
       0
       0
       0
       0
       0
       0
       0
       0
       0
       0
       0
       0
       0
       0
       0
       0
       0
       0
       0
       0
       0
       0
       0
       0
       0
       0
       0
       0
       0
       0
       0
       0
       0
       0
       0
       0
       0
       0
       0
       0
       0
       0
       0
       0
       0
       0
       0
       0
       0
       0
       0
       0
       0
       0
       1
       0
       0
       0
       0
       0
       0
       0
       0
       0
       0
       0
       0
       1
       0
       0
       0
       0
       0
       0
       0
       0
       0
       0
       0
       0
       0
       0
       0
       1
       0
       0
       0
       0
       0
       0
       0
       0
       0
       0
       0
       0
       0
       0
       0
       0
       0
       0
       0
       0
       0
       0
       0
       0
       0
       0
       0
       0
       0
       0
       0
       0
       0
       0
       0
       0
       0
       0
       0
       0
       0
       0
       0
       0
       0
       0
       0
       0
       0
       0
       0
       0
       0
       0
       0
       0
       0
       0
       0
       0
       0
       0
       0
       0
       0
       0
       0
       0
       0
       0
       0
       0
       0
       0
       0
       0
       0
       0
       0
$ROI:
0
$PRESETS:
Live Time
300
0
$ENER_FIT:
0.000000 0.000000
$MCA_CAL:
3
0.000000E+000 0.000000E+000 0.000000E+000 
$SHAPE_CAL:
3
0.000000E+000 0.000000E+000 0.000000E+000
