$SPEC_ID:
PRAK02 Easy-MCA-2k SN
$SPEC_REM:
DET# 1
DETDESC# PRAK01 Easy-MCA-2k SN 15071856
AP# Maestro Version 7.01
$DATE_MEA:
04/02/2002 02:52:26
$MEAS_TIM:
300 300
$DATA:
0 511
       0
       0
       0
       0
       0
       0
       0
       0
       0
       0
       0
       1
       0
       1
       1
       0
       0
       0
       4
     940
    1681
    1707
    1579
    1564
    1440
    1414
    1387
    1316
    1307
    1322
    1311
    1242
    1230
    1283
    1270
    1239
    1295
    1222
    1303
    1244
    1312
    1264
    1292
    1145
    1087
     906
     803
     687
     618
     483
     505
     503
     503
     496
     518
     540
     591
     866
    1341
    2315
    3830
    5563
    7174
    7989
    7306
    5609
    3762
    2026
     860
     346
     126
      40
      25
      21
      20
      15
      12
      17
      19
      10
       9
      13
      12
      12
      10
      17
       9
      12
      13
      11
       7
      12
      11
      13
       8
       9
      10
       8
       6
       5
       6
      11
       8
       4
      14
       6
      12
      12
       7
       9
      11
       8
       4
       3
       9
       3
       3
       5
       8
       3
       4
       4
       1
       6
       4
       5
       2
       4
       4
       8
       5
       6
       6
       7
      13
      12
       7
       7
      10
       7
       6
       2
       3
       6
       2
       2
       0
       4
       3
       1
       1
       2
       0
       4
       2
       0
       0
       2
       1
       0
       3
       0
       1
       0
       2
       3
       2
       1
       1
       0
       1
       0
       3
       1
       2
       1
       0
       1
       1
       2
       1
       2
       0
       2
       0
       1
       1
       1
       1
       1
       1
       1
       0
       0
       1
       1
       2
       0
       1
       1
       1
       0
       0
       0
       0
       0
       2
       1
       1
       3
       0
       1
       0
       1
       0
       1
       1
       1
       0
       0
       2
       0
       0
       0
       1
       0
       0
       0
       0
       2
       0
       0
       0
       0
       0
       1
       0
       1
       0
       0
       0
       0
       0
       0
       1
       0
       1
       2
       0
       0
       0
       0
       0
       0
       0
       0
       0
       0
       1
       0
       0
       0
       0
       0
       1
       0
       1
       0
       1
       0
       0
       0
       0
       1
       1
       0
       0
       0
       1
       1
       0
       0
       0
       0
       0
       0
       1
       0
       0
       0
       0
       0
       0
       1
       0
       0
       0
       0
       0
       0
       0
       1
       0
       0
       0
       0
       0
       0
       0
       0
       0
       0
       0
       0
       0
       0
       0
       0
       0
       0
       0
       0
       0
       0
       0
       0
       0
       0
       0
       0
       0
       0
       0
       0
       0
       0
       0
       0
       0
       0
       0
       0
       0
       0
       0
       0
       0
       0
       0
       0
       0
       0
       0
       0
       0
       0
       0
       0
       0
       0
       0
       0
       0
       0
       0
       0
       0
       0
       0
       0
       0
       0
       0
       0
       0
       0
       0
       0
       0
       0
       0
       0
       0
       0
       0
       0
       1
       0
       0
       0
       0
       0
       0
       0
       0
       0
       1
       0
       1
       0
       0
       0
       0
       0
       0
       0
       0
       0
       0
       0
       0
       0
       0
       0
       0
       0
       1
       0
       0
       0
       0
       0
       0
       0
       0
       0
       0
       0
       0
       0
       0
       0
       0
       0
       0
       0
       0
       0
       0
       0
       0
       0
       0
       0
       0
       0
       0
       0
       0
       0
       0
       0
       0
       0
       0
       0
       0
       0
       0
       0
       0
       0
       0
       0
       0
       0
       0
       0
       0
       0
       0
       0
       0
       0
       0
       0
       0
       0
       0
       0
       0
       0
       0
       0
       0
       0
       0
       0
       0
       0
       0
       0
       0
       0
       0
       0
       0
       0
       0
       0
       0
       0
       0
       0
       0
       0
       0
       0
       0
       0
       0
       0
$ROI:
0
$PRESETS:
Live Time
300
0
$ENER_FIT:
0.000000 0.000000
$MCA_CAL:
3
0.000000E+000 0.000000E+000 0.000000E+000 
$SHAPE_CAL:
3
0.000000E+000 0.000000E+000 0.000000E+000
