$SPEC_ID:
PRAK02 Easy-MCA-2k SN
$SPEC_REM:
DET# 1
DETDESC# PRAK01 Easy-MCA-2k SN 15071856
AP# Maestro Version 7.01
$DATE_MEA:
04/02/2002 02:25:14
$MEAS_TIM:
300 300
$DATA:
0 511
       0
       0
       0
       0
       0
       0
       0
       0
       0
       0
       0
       0
       0
       1
       0
       0
       0
       1
       1
     897
    1662
    1609
    1615
    1601
    1511
    1428
    1329
    1445
    1265
    1293
    1344
    1247
    1227
    1249
    1228
    1222
    1192
    1261
    1364
    1314
    1342
    1269
    1256
    1219
    1034
     920
     789
     645
     611
     578
     525
     500
     509
     536
     530
     547
     630
     841
    1345
    2196
    3870
    5768
    7431
    7864
    7499
    5714
    3705
    2087
     926
     368
     122
      52
      18
      18
      15
      12
      17
       7
      14
      15
      13
      13
      11
      14
      17
       9
      15
       6
      12
      11
      16
       7
       7
       9
       9
      11
       6
       8
       9
       9
      11
       9
       8
       5
       5
      12
       5
       5
       7
       9
       7
       4
       4
       2
      10
       6
       2
       7
       3
       8
       2
       9
       8
       3
       5
       2
       5
       1
       4
       7
       9
       9
       3
      16
       6
       6
       7
       9
      11
       4
       7
       7
       1
       5
       3
       1
       4
       2
       0
       2
       2
       1
       1
       2
       0
       2
       1
       4
       0
       6
       1
       1
       4
       1
       1
       0
       2
       0
       0
       3
       1
       1
       3
       2
       1
       0
       0
       0
       1
       0
       0
       2
       1
       2
       0
       3
       2
       0
       0
       0
       1
       2
       0
       1
       1
       0
       1
       0
       1
       2
       2
       0
       5
       1
       2
       1
       2
       1
       0
       2
       1
       2
       1
       0
       0
       0
       2
       0
       2
       0
       0
       0
       0
       0
       0
       0
       0
       0
       0
       0
       0
       0
       1
       0
       0
       0
       0
       0
       0
       1
       0
       1
       0
       0
       0
       0
       0
       0
       0
       0
       0
       1
       0
       0
       0
       0
       0
       1
       0
       0
       0
       0
       0
       0
       0
       0
       0
       0
       0
       1
       0
       0
       2
       0
       0
       0
       0
       0
       0
       1
       0
       0
       0
       0
       2
       0
       1
       1
       1
       0
       0
       0
       0
       1
       0
       0
       0
       0
       0
       0
       1
       1
       1
       0
       0
       0
       0
       0
       0
       0
       1
       0
       0
       0
       0
       0
       0
       0
       0
       1
       0
       0
       0
       0
       0
       0
       0
       0
       0
       0
       0
       0
       0
       0
       0
       0
       0
       0
       0
       0
       0
       0
       0
       0
       0
       0
       0
       0
       0
       0
       0
       0
       0
       0
       0
       0
       0
       0
       0
       1
       0
       0
       0
       0
       0
       0
       0
       0
       0
       0
       0
       0
       0
       0
       0
       0
       0
       0
       0
       0
       0
       0
       0
       0
       0
       0
       0
       0
       0
       0
       0
       0
       0
       0
       1
       0
       0
       0
       0
       0
       0
       0
       0
       0
       0
       0
       0
       0
       0
       0
       0
       0
       0
       0
       0
       0
       0
       0
       0
       0
       0
       0
       0
       0
       0
       0
       0
       0
       0
       0
       0
       0
       0
       0
       0
       0
       0
       0
       0
       0
       0
       0
       0
       0
       0
       0
       0
       0
       0
       0
       0
       0
       0
       0
       0
       0
       0
       0
       0
       0
       0
       0
       0
       0
       0
       0
       0
       0
       0
       0
       0
       0
       0
       0
       0
       0
       0
       0
       0
       0
       0
       0
       0
       0
       0
       0
       0
       0
       0
       0
       0
       0
       0
       0
       0
       0
       0
       0
       0
       0
       0
       0
       0
       0
       0
       0
       0
       0
       0
       0
       0
       0
$ROI:
0
$PRESETS:
Live Time
300
0
$ENER_FIT:
0.000000 0.000000
$MCA_CAL:
3
0.000000E+000 0.000000E+000 0.000000E+000 
$SHAPE_CAL:
3
0.000000E+000 0.000000E+000 0.000000E+000
