$SPEC_ID:
PRAK02 Easy-MCA-2k SN
$SPEC_REM:
DET# 1
DETDESC# PRAK01 Easy-MCA-2k SN 15071856
AP# Maestro Version 7.01
$DATE_MEA:
04/02/2002 03:47:08
$MEAS_TIM:
300 300
$DATA:
0 511
       0
       0
       0
       0
       0
       0
       0
       0
       0
       0
       0
       0
       0
       0
       0
       0
       0
       0
       1
     101
     176
     193
     139
     158
     119
     131
     117
     109
     112
     106
     125
      97
      93
      91
     103
      74
      75
      71
      67
      50
      64
      58
      57
      61
      54
      47
      48
      35
      33
      35
      30
      40
      31
      31
      27
      35
      34
      23
      45
      58
      88
     114
     155
     133
     129
     108
      80
      33
      23
      17
      22
      17
      11
      12
      12
      13
      20
      10
      14
       5
      12
      13
      13
      15
      19
      11
      16
       7
      10
       5
       7
       8
       9
       7
       8
       3
      15
      10
      17
       9
      10
       2
       9
       7
       9
      10
       8
      10
      10
       2
       9
       4
       4
       7
       3
      11
       5
       4
       5
       2
       3
       6
       3
       1
       3
       4
       2
       4
       4
       6
       3
       7
       6
       9
       6
       5
       8
      11
       7
      11
       2
       3
       7
       1
       1
       3
       4
       1
       0
       1
       0
       2
       2
       2
       0
       2
       2
       1
       3
       3
       0
       2
       1
       0
       0
       7
       2
       0
       1
       0
       1
       3
       0
       1
       1
       0
       1
       0
       1
       1
       2
       1
       1
       1
       1
       1
       0
       0
       0
       3
       3
       1
       2
       0
       2
       0
       3
       1
       1
       1
       1
       1
       1
       2
       1
       3
       0
       0
       3
       3
       0
       0
       1
       1
       0
       0
       0
       2
       1
       0
       1
       0
       0
       0
       0
       0
       0
       1
       0
       0
       0
       0
       0
       0
       0
       0
       0
       0
       2
       0
       0
       0
       0
       0
       0
       0
       0
       0
       0
       0
       0
       0
       0
       0
       0
       0
       0
       0
       0
       0
       0
       0
       0
       0
       0
       0
       1
       0
       0
       1
       1
       0
       0
       0
       1
       2
       0
       0
       1
       1
       1
       0
       0
       0
       1
       0
       1
       0
       0
       0
       1
       0
       0
       0
       0
       0
       0
       1
       0
       0
       0
       1
       0
       2
       0
       0
       0
       0
       0
       0
       0
       0
       0
       0
       0
       0
       0
       0
       0
       0
       0
       0
       0
       0
       0
       0
       0
       0
       0
       1
       0
       0
       0
       0
       0
       1
       0
       0
       0
       0
       0
       0
       0
       0
       0
       0
       0
       0
       0
       0
       0
       0
       0
       0
       0
       0
       0
       0
       0
       0
       0
       0
       0
       0
       0
       0
       0
       0
       0
       0
       0
       0
       0
       0
       0
       0
       0
       0
       0
       0
       0
       0
       0
       0
       0
       0
       0
       0
       0
       0
       0
       0
       0
       0
       0
       0
       0
       0
       0
       0
       0
       0
       0
       0
       0
       0
       0
       0
       0
       0
       0
       0
       0
       0
       0
       0
       0
       0
       0
       0
       0
       0
       0
       0
       0
       0
       0
       0
       0
       0
       0
       0
       0
       0
       0
       0
       0
       0
       0
       0
       0
       0
       0
       0
       0
       0
       0
       0
       0
       0
       0
       0
       0
       0
       0
       0
       0
       0
       0
       0
       0
       0
       0
       0
       0
       0
       0
       0
       0
       0
       0
       0
       0
       0
       0
       0
       0
       0
       0
       0
       0
       0
       0
       0
       0
       0
       0
       0
       0
       0
       0
       0
       0
       0
       0
       0
       0
       0
       0
       0
       0
       0
       0
       0
       0
       0
       0
       0
       0
       0
       0
       0
$ROI:
0
$PRESETS:
Live Time
300
0
$ENER_FIT:
0.000000 0.000000
$MCA_CAL:
3
0.000000E+000 0.000000E+000 0.000000E+000 
$SHAPE_CAL:
3
0.000000E+000 0.000000E+000 0.000000E+000
