$SPEC_ID:
PRAK02 Easy-MCA-2k SN
$SPEC_REM:
DET# 1
DETDESC# PRAK01 Easy-MCA-2k SN 15071856
AP# Maestro Version 7.01
$DATE_MEA:
04/02/2002 04:12:00
$MEAS_TIM:
300 300
$DATA:
0 511
       0
       0
       0
       0
       0
       0
       0
       0
       0
       0
       0
       0
       0
       0
       0
       0
       0
       0
       0
     116
     200
     189
     203
     162
     159
     174
     152
     136
     141
     130
     140
     106
     106
     109
      91
      97
     106
     104
      95
      83
      93
      87
      84
      75
      72
      63
      66
      55
      50
      39
      49
      31
      44
      38
      50
      33
      49
      59
      72
     135
     198
     238
     329
     362
     307
     213
     119
      74
      38
      32
      13
      16
      15
      11
      13
      14
      10
      16
      15
      15
      12
      14
      11
       8
      11
       6
       6
      11
      12
       7
       9
       9
      13
      10
      11
      14
       9
       8
       5
       4
      12
       9
      12
      10
       6
       6
      12
      10
       9
       9
       3
       1
       5
       7
       5
       4
       3
       5
       4
       8
       9
       5
       3
       4
       6
       5
       4
       4
       8
       8
       8
       6
      11
       6
       8
      11
       6
      11
       2
       6
       3
       5
       3
       1
       4
       1
       1
       1
       2
       3
       3
       0
       0
       3
       2
       0
       1
       1
       1
       2
       1
       1
       0
       3
       2
       0
       4
       1
       1
       0
       0
       0
       0
       2
       1
       2
       1
       1
       0
       1
       3
       0
       0
       0
       0
       0
       1
       0
       0
       0
       3
       3
       2
       1
       3
       2
       3
       1
       3
       0
       1
       1
       0
       1
       3
       1
       0
       0
       0
       2
       0
       0
       0
       0
       0
       0
       0
       0
       1
       1
       0
       0
       0
       0
       0
       0
       1
       0
       0
       0
       1
       0
       0
       0
       0
       0
       0
       0
       0
       0
       0
       1
       0
       0
       0
       0
       0
       0
       1
       0
       0
       0
       0
       0
       0
       1
       1
       0
       0
       0
       0
       0
       0
       1
       0
       0
       0
       1
       0
       0
       0
       0
       0
       0
       0
       0
       0
       1
       1
       0
       0
       0
       2
       0
       0
       0
       0
       0
       0
       0
       0
       0
       0
       0
       0
       0
       0
       0
       0
       0
       0
       0
       0
       0
       0
       1
       0
       0
       0
       0
       0
       0
       0
       0
       0
       0
       0
       0
       0
       0
       0
       0
       0
       0
       0
       0
       0
       0
       0
       0
       0
       0
       0
       0
       0
       0
       0
       0
       0
       0
       0
       0
       0
       0
       0
       0
       0
       0
       0
       0
       0
       0
       0
       0
       0
       0
       0
       0
       0
       0
       0
       0
       0
       0
       0
       0
       0
       0
       0
       0
       0
       0
       0
       0
       0
       0
       0
       0
       0
       0
       0
       0
       0
       0
       0
       0
       0
       0
       0
       0
       0
       0
       0
       0
       0
       0
       0
       0
       0
       0
       0
       0
       0
       0
       0
       0
       0
       0
       0
       0
       0
       0
       0
       0
       0
       1
       0
       0
       0
       0
       0
       0
       0
       0
       0
       0
       0
       0
       0
       0
       0
       0
       0
       0
       0
       0
       0
       0
       0
       0
       0
       0
       0
       0
       0
       0
       0
       0
       0
       0
       0
       0
       0
       0
       0
       0
       0
       0
       0
       0
       0
       0
       0
       0
       0
       0
       0
       0
       0
       0
       0
       0
       0
       0
       0
       0
       0
       0
       0
       0
       0
       0
       0
       0
       0
       0
       0
       0
       0
       0
       0
       0
       0
       0
       0
       0
       0
       0
       0
       0
       0
       0
       0
       0
       0
       0
       0
       0
       0
       0
       0
       0
$ROI:
0
$PRESETS:
Live Time
300
0
$ENER_FIT:
0.000000 0.000000
$MCA_CAL:
3
0.000000E+000 0.000000E+000 0.000000E+000 
$SHAPE_CAL:
3
0.000000E+000 0.000000E+000 0.000000E+000
