$SPEC_ID:
PRAK02 Easy-MCA-2k SN
$SPEC_REM:
DET# 1
DETDESC# PRAK01 Easy-MCA-2k SN 15071856
AP# Maestro Version 7.01
$DATE_MEA:
04/02/2002 03:28:27
$MEAS_TIM:
300 300
$DATA:
0 511
       0
       0
       0
       0
       0
       0
       0
       0
       0
       0
       0
       0
       0
       0
       0
       0
       0
       0
       0
     117
     214
     196
     163
     159
     150
     155
     142
     143
     117
     111
     118
     115
     112
      88
     101
      87
     107
      95
      85
      83
      84
      88
      75
      59
      72
      73
      56
      49
      48
      60
      43
      36
      37
      40
      41
      42
      52
      65
      80
     143
     184
     267
     290
     328
     293
     196
     127
      71
      38
      17
      13
      13
      14
       8
      16
      15
      12
       9
       9
      15
      15
      19
      14
       8
       9
       9
      11
      14
      11
      16
      10
      13
       9
      15
       5
       9
      11
      13
       9
       4
      11
       2
      12
       8
       8
       5
       6
       6
      14
       4
       6
       4
       5
       4
       8
       4
       5
       2
       3
       1
       3
       6
       3
       4
       6
       1
       8
       3
       6
       4
       3
      12
       3
      11
       3
       3
       9
      12
       5
       7
       4
       1
       3
       4
       1
       1
       0
       0
       2
       1
       1
       2
       1
       1
       4
       2
       3
       3
       3
       0
       5
       2
       1
       0
       0
       3
       1
       0
       2
       1
       2
       0
       0
       0
       0
       0
       1
       1
       0
       1
       2
       0
       2
       1
       0
       1
       0
       0
       1
       1
       0
       3
       1
       1
       3
       0
       1
       1
       0
       3
       3
       0
       2
       2
       1
       1
       0
       0
       0
       0
       0
       1
       0
       0
       1
       0
       0
       1
       0
       1
       0
       0
       1
       1
       1
       0
       0
       0
       1
       0
       0
       0
       1
       1
       1
       0
       0
       0
       1
       0
       0
       1
       0
       1
       0
       0
       0
       0
       0
       0
       1
       0
       0
       1
       0
       0
       0
       0
       0
       0
       0
       0
       0
       0
       0
       0
       0
       0
       0
       0
       1
       0
       0
       2
       1
       0
       0
       0
       1
       1
       1
       0
       0
       0
       0
       0
       0
       0
       0
       1
       0
       3
       0
       0
       0
       0
       0
       0
       0
       0
       0
       0
       0
       0
       0
       0
       0
       0
       0
       0
       0
       0
       0
       0
       0
       0
       0
       0
       0
       0
       0
       0
       0
       0
       0
       0
       0
       0
       0
       0
       0
       0
       0
       0
       0
       0
       0
       0
       0
       0
       0
       0
       0
       0
       0
       1
       0
       0
       0
       0
       0
       0
       0
       0
       0
       0
       0
       0
       0
       0
       0
       0
       0
       0
       0
       0
       0
       0
       0
       0
       0
       0
       0
       0
       0
       0
       0
       0
       0
       0
       0
       0
       0
       0
       0
       0
       0
       0
       0
       0
       0
       0
       0
       0
       0
       0
       0
       0
       0
       0
       0
       0
       0
       0
       0
       0
       0
       0
       1
       0
       0
       0
       0
       0
       0
       0
       0
       0
       0
       0
       0
       0
       0
       0
       0
       0
       0
       0
       0
       0
       0
       0
       0
       0
       0
       0
       0
       0
       0
       0
       0
       0
       0
       0
       0
       0
       0
       0
       0
       0
       0
       0
       0
       0
       0
       0
       0
       0
       0
       0
       0
       0
       0
       0
       0
       0
       0
       0
       0
       0
       0
       0
       0
       0
       0
       0
       0
       0
       0
       0
       0
       0
       0
       0
       0
       0
       0
       0
       0
       0
       0
       0
       0
       0
       0
       0
       0
       0
       0
       0
       0
       0
       0
       0
       0
       0
       0
       0
       0
       0
       0
       0
$ROI:
0
$PRESETS:
Live Time
300
0
$ENER_FIT:
0.000000 0.000000
$MCA_CAL:
3
0.000000E+000 0.000000E+000 0.000000E+000 
$SHAPE_CAL:
3
0.000000E+000 0.000000E+000 0.000000E+000
