$SPEC_ID:
PRAK02 Easy-MCA-2k SN
$SPEC_REM:
DET# 1
DETDESC# PRAK01 Easy-MCA-2k SN 15071856
AP# Maestro Version 7.01
$DATE_MEA:
04/02/2002 03:53:32
$MEAS_TIM:
300 300
$DATA:
0 511
       0
       0
       0
       0
       0
       0
       0
       0
       0
       0
       0
       0
       0
       0
       0
       0
       0
       0
       0
     107
     173
     154
     167
     152
     133
     118
     120
     115
     107
      90
      87
      87
      87
      90
      76
      70
      58
      71
      66
      65
      59
      44
      62
      60
      48
      39
      42
      49
      53
      30
      33
      33
      37
      33
      24
      40
      35
      45
      49
      58
      89
     112
     152
     150
     138
      99
      68
      37
      34
      15
      19
      19
      14
       6
      11
      17
      11
      14
      10
      13
      19
       9
       5
      11
      16
      12
       7
      12
      13
       7
      10
       8
       3
      11
       5
       6
      12
       7
       3
      12
      10
       9
      12
       5
      11
       9
       5
       4
       7
       4
       8
       4
       5
       3
       6
       5
       4
       0
       2
       5
       4
       7
       2
       9
       6
       2
       9
       3
       3
       6
       8
      12
      14
      11
      12
       7
      12
       6
       6
       5
       3
       6
       2
       1
       3
       3
       2
       3
       2
       2
       1
       2
       1
       0
       2
       2
       1
       4
       1
       4
       1
       2
       1
       1
       1
       4
       0
       0
       1
       2
       1
       0
       0
       1
       3
       2
       0
       0
       0
       0
       1
       1
       1
       1
       0
       1
       0
       1
       1
       0
       2
       1
       0
       1
       3
       0
       1
       0
       3
       0
       0
       0
       0
       1
       2
       0
       0
       0
       1
       1
       0
       2
       1
       0
       0
       1
       2
       0
       0
       0
       0
       0
       0
       0
       1
       0
       0
       0
       1
       0
       0
       0
       1
       0
       0
       0
       0
       0
       0
       0
       0
       0
       0
       0
       0
       0
       0
       0
       0
       0
       0
       0
       1
       0
       1
       0
       1
       0
       1
       0
       0
       0
       0
       0
       0
       1
       0
       0
       0
       0
       0
       0
       1
       0
       0
       0
       0
       0
       0
       0
       1
       0
       0
       1
       0
       2
       0
       0
       0
       0
       0
       0
       0
       1
       0
       1
       0
       0
       0
       1
       0
       0
       0
       0
       0
       0
       0
       0
       0
       0
       0
       0
       0
       0
       0
       1
       0
       0
       1
       0
       0
       0
       1
       0
       0
       0
       0
       0
       0
       0
       0
       0
       0
       0
       0
       0
       0
       0
       0
       0
       0
       0
       0
       0
       0
       0
       0
       0
       0
       0
       0
       0
       0
       0
       0
       0
       0
       0
       1
       0
       0
       0
       0
       0
       0
       0
       0
       0
       0
       0
       0
       0
       0
       0
       0
       0
       0
       1
       0
       0
       0
       0
       0
       0
       0
       0
       0
       1
       0
       0
       0
       0
       0
       0
       0
       0
       0
       0
       0
       0
       0
       0
       0
       0
       0
       0
       0
       0
       0
       0
       0
       0
       0
       0
       0
       0
       0
       0
       0
       0
       0
       0
       0
       0
       0
       0
       0
       0
       0
       0
       0
       0
       0
       0
       0
       0
       0
       0
       0
       0
       0
       0
       0
       0
       0
       0
       0
       0
       0
       0
       0
       0
       0
       0
       0
       0
       0
       0
       0
       0
       0
       0
       0
       0
       0
       0
       0
       0
       0
       0
       0
       0
       0
       0
       0
       0
       0
       0
       0
       0
       0
       0
       0
       0
       0
       0
       0
       0
       0
       0
       0
       0
       0
       0
       0
       0
       0
       0
       0
       0
       0
       0
       0
       0
       0
       0
       0
       0
       0
       0
       0
       0
$ROI:
0
$PRESETS:
Live Time
300
0
$ENER_FIT:
0.000000 0.000000
$MCA_CAL:
3
0.000000E+000 0.000000E+000 0.000000E+000 
$SHAPE_CAL:
3
0.000000E+000 0.000000E+000 0.000000E+000
