$SPEC_ID:
PRAK02 Easy-MCA-2k SN
$SPEC_REM:
DET# 1
DETDESC# PRAK01 Easy-MCA-2k SN 15071856
AP# Maestro Version 7.01
$DATE_MEA:
04/02/2002 04:17:50
$MEAS_TIM:
300 300
$DATA:
0 511
       0
       0
       0
       0
       0
       0
       0
       0
       0
       0
       0
       0
       0
       0
       0
       0
       0
       0
       1
     129
     221
     204
     192
     192
     185
     145
     152
     143
     161
     126
     115
     124
      92
     122
     103
     102
      92
     108
      87
      93
      84
      84
      80
      94
      67
      63
      44
      62
      58
      54
      47
      48
      48
      40
      51
      39
      53
      78
     103
     139
     226
     248
     334
     352
     298
     227
     138
      80
      52
      25
      16
      15
      17
      10
      19
      17
      11
      15
      15
      16
      10
      18
      18
      10
       7
      18
       7
       9
      11
      13
      10
      15
       8
       8
       3
      12
       8
       6
       4
       9
      11
       8
      10
       8
       9
       4
       2
       5
       5
       7
       7
       9
       5
       3
       7
       4
       7
       2
       3
       3
       2
       4
       9
       1
       6
       8
       3
       6
       3
       5
       3
       9
       7
       4
      13
       9
       8
      11
       6
       5
       3
       4
       3
       5
       1
       1
       4
       2
       2
       3
       3
       1
       2
       0
       1
       1
       1
       1
       2
       1
       1
       1
       1
       1
       0
       0
       1
       0
       1
       0
       2
       2
       0
       3
       0
       2
       0
       0
       0
       1
       0
       3
       2
       0
       1
       0
       0
       2
       2
       3
       0
       1
       3
       0
       1
       0
       2
       0
       1
       1
       0
       0
       1
       2
       1
       0
       2
       1
       0
       1
       1
       0
       3
       0
       1
       1
       1
       1
       0
       0
       0
       1
       0
       0
       1
       0
       0
       0
       1
       0
       1
       0
       0
       0
       0
       0
       0
       0
       0
       0
       0
       0
       0
       0
       0
       0
       0
       0
       0
       0
       0
       0
       1
       0
       0
       1
       0
       0
       0
       0
       0
       1
       0
       0
       0
       0
       1
       1
       0
       0
       0
       0
       2
       1
       0
       0
       1
       1
       0
       0
       0
       0
       1
       0
       0
       0
       2
       0
       0
       0
       1
       0
       0
       0
       0
       1
       0
       0
       0
       0
       0
       0
       0
       0
       0
       0
       0
       0
       0
       0
       0
       0
       0
       0
       0
       0
       0
       0
       0
       0
       0
       0
       0
       0
       0
       0
       0
       1
       0
       0
       0
       0
       0
       0
       0
       0
       0
       0
       0
       0
       0
       0
       0
       0
       0
       0
       0
       0
       0
       0
       0
       0
       0
       0
       0
       0
       0
       0
       0
       0
       0
       0
       0
       0
       0
       0
       0
       0
       0
       0
       0
       0
       0
       0
       0
       0
       0
       0
       0
       0
       0
       0
       0
       0
       0
       0
       0
       0
       0
       0
       0
       1
       0
       0
       0
       0
       0
       0
       0
       0
       0
       0
       0
       0
       0
       0
       0
       0
       0
       0
       0
       0
       0
       0
       0
       0
       0
       0
       0
       0
       0
       0
       0
       0
       0
       0
       0
       0
       0
       0
       0
       0
       0
       1
       0
       0
       0
       0
       0
       0
       0
       0
       0
       0
       0
       0
       0
       0
       0
       0
       0
       0
       0
       0
       0
       0
       0
       0
       0
       0
       0
       0
       0
       0
       0
       0
       0
       0
       0
       0
       0
       0
       0
       0
       0
       0
       0
       0
       0
       0
       0
       0
       0
       0
       0
       0
       0
       0
       0
       0
       0
       0
       0
       0
       0
       0
       0
       0
       0
       0
       0
       0
       0
       0
       0
       0
       0
       0
       0
       0
       0
       0
$ROI:
0
$PRESETS:
Live Time
300
0
$ENER_FIT:
0.000000 0.000000
$MCA_CAL:
3
0.000000E+000 0.000000E+000 0.000000E+000 
$SHAPE_CAL:
3
0.000000E+000 0.000000E+000 0.000000E+000
