$SPEC_ID:
PRAK02 Easy-MCA-2k SN
$SPEC_REM:
DET# 1
DETDESC# PRAK01 Easy-MCA-2k SN 15071856
AP# Maestro Version 7.01
$DATE_MEA:
04/02/2002 04:06:04
$MEAS_TIM:
300 300
$DATA:
0 511
       0
       0
       0
       0
       0
       0
       0
       0
       0
       0
       0
       0
       0
       0
       0
       0
       0
       0
       1
     148
     223
     214
     187
     192
     172
     184
     141
     162
     153
     144
     145
     116
     120
     117
     100
      95
      86
     101
     111
     109
      90
      91
     104
      88
      71
      42
      65
      68
      53
      52
      38
      39
      62
      69
      55
      61
      53
      86
     110
     161
     229
     311
     361
     352
     292
     261
     137
      75
      38
      19
      21
      15
      10
      19
      11
       6
      14
      12
      13
      15
      10
       9
      11
      11
      15
      17
       9
      15
       9
      10
      12
       7
       7
       4
       6
       8
       9
       8
       7
       9
       6
       7
       7
      10
      11
       8
      12
       4
       4
       5
       5
       7
       7
       4
       3
       7
       3
       8
       8
       6
       1
       1
       5
       3
       6
       3
       4
       9
       6
      12
       6
       8
       9
       7
       4
       8
       5
       6
       1
       4
       1
       5
       3
       3
       2
       1
       2
       1
       3
       3
       2
       2
       2
       1
       1
       1
       0
       3
       2
       2
       1
       2
       2
       0
       2
       2
       3
       2
       1
       1
       1
       0
       0
       2
       1
       0
       1
       2
       1
       3
       2
       0
       1
       2
       1
       2
       0
       2
       1
       1
       0
       0
       0
       0
       0
       3
       1
       0
       1
       2
       0
       1
       0
       0
       2
       0
       2
       0
       0
       1
       0
       1
       0
       0
       1
       0
       0
       0
       0
       0
       0
       0
       0
       0
       1
       0
       0
       0
       1
       0
       0
       0
       0
       0
       0
       0
       0
       0
       0
       0
       0
       0
       0
       0
       0
       0
       0
       0
       0
       0
       0
       0
       0
       0
       0
       0
       1
       0
       0
       0
       0
       0
       0
       0
       0
       0
       0
       1
       2
       0
       0
       0
       1
       0
       0
       0
       1
       1
       0
       0
       0
       0
       0
       0
       0
       1
       0
       0
       0
       1
       0
       0
       0
       0
       1
       0
       0
       0
       0
       0
       0
       0
       0
       0
       1
       0
       0
       0
       1
       1
       1
       0
       0
       0
       0
       0
       0
       0
       0
       0
       0
       0
       0
       0
       0
       0
       0
       0
       0
       0
       0
       0
       0
       0
       0
       0
       0
       0
       0
       0
       0
       0
       0
       0
       0
       0
       0
       0
       0
       0
       0
       0
       0
       0
       0
       0
       0
       0
       0
       0
       0
       0
       0
       0
       0
       0
       0
       0
       0
       0
       0
       0
       0
       0
       0
       0
       0
       0
       0
       0
       0
       0
       0
       0
       0
       0
       0
       0
       0
       0
       0
       0
       0
       0
       0
       0
       0
       0
       0
       0
       0
       0
       0
       1
       0
       0
       0
       0
       0
       0
       0
       0
       0
       0
       0
       0
       0
       0
       0
       0
       0
       0
       0
       0
       0
       0
       0
       0
       0
       0
       0
       0
       0
       0
       0
       0
       0
       0
       0
       0
       0
       0
       0
       0
       0
       0
       0
       0
       0
       0
       0
       0
       0
       0
       0
       0
       0
       0
       0
       0
       0
       0
       0
       0
       0
       0
       0
       0
       0
       0
       0
       0
       0
       0
       0
       0
       0
       0
       0
       0
       0
       0
       0
       0
       0
       0
       0
       0
       0
       0
       0
       0
       0
       0
       0
       0
       0
       0
       0
       0
       0
       0
       0
       0
       0
       0
       0
       0
       0
       0
       0
       0
$ROI:
0
$PRESETS:
Live Time
300
0
$ENER_FIT:
0.000000 0.000000
$MCA_CAL:
3
0.000000E+000 0.000000E+000 0.000000E+000 
$SHAPE_CAL:
3
0.000000E+000 0.000000E+000 0.000000E+000
