$SPEC_ID:
PRAK02 Easy-MCA-2k SN
$SPEC_REM:
DET# 1
DETDESC# PRAK01 Easy-MCA-2k SN 15071856
AP# Maestro Version 7.01
$DATE_MEA:
04/02/2002 03:34:32
$MEAS_TIM:
300 300
$DATA:
0 511
       0
       0
       0
       0
       0
       0
       0
       0
       0
       0
       0
       0
       0
       0
       0
       0
       0
       0
       0
     127
     247
     231
     213
     212
     206
     155
     179
     176
     153
     134
     141
     134
     127
     121
     104
     123
     105
     101
     103
     100
     101
      94
     101
      96
      89
      86
      70
      75
      55
      51
      54
      65
      52
      56
      54
      46
      65
      87
     125
     157
     237
     338
     403
     380
     370
     239
     151
      86
      37
      20
      16
      15
      15
      11
      12
      16
      15
      13
       7
      10
      17
      10
      11
      12
      11
       8
      14
       7
      11
       8
       8
       5
       8
      10
      11
      11
      10
      10
       5
      10
       5
       7
       5
      16
      10
       5
       6
       7
       4
       8
       3
       6
      10
       2
       4
       5
       1
       5
       0
       1
       5
       4
       7
       2
       5
       3
       5
       3
       6
       1
       5
      10
      11
       8
       9
       9
       8
       7
      10
       5
       1
       4
       2
       1
       3
       5
       2
       4
       1
       2
       2
       1
       1
       3
       1
       0
       2
       1
       2
       1
       2
       1
       3
       3
       4
       0
       1
       2
       0
       0
       0
       2
       1
       0
       2
       1
       0
       2
       0
       0
       0
       1
       0
       2
       0
       0
       0
       0
       0
       0
       2
       2
       0
       1
       1
       1
       0
       3
       2
       1
       1
       0
       4
       2
       2
       1
       1
       2
       0
       0
       1
       2
       0
       1
       0
       2
       0
       0
       1
       0
       2
       0
       0
       0
       0
       1
       0
       0
       0
       0
       1
       1
       1
       1
       0
       0
       0
       0
       0
       0
       0
       0
       0
       0
       0
       0
       0
       0
       1
       0
       0
       0
       0
       0
       0
       0
       0
       1
       0
       0
       0
       0
       0
       0
       0
       2
       0
       0
       1
       0
       0
       0
       0
       0
       0
       0
       1
       0
       0
       0
       0
       0
       0
       0
       0
       0
       0
       0
       0
       0
       1
       1
       0
       0
       0
       1
       0
       0
       0
       0
       0
       0
       0
       0
       0
       0
       0
       0
       0
       1
       0
       0
       0
       0
       0
       0
       0
       0
       1
       0
       0
       0
       0
       0
       0
       0
       0
       0
       0
       0
       0
       0
       0
       0
       0
       0
       1
       0
       0
       0
       0
       0
       0
       0
       0
       0
       0
       0
       0
       0
       0
       0
       0
       0
       0
       0
       0
       0
       0
       0
       0
       0
       0
       0
       0
       0
       0
       0
       1
       0
       0
       0
       0
       0
       0
       0
       0
       0
       0
       0
       0
       0
       0
       0
       0
       0
       0
       0
       0
       0
       0
       0
       1
       0
       0
       0
       0
       0
       0
       1
       0
       0
       0
       0
       0
       0
       0
       0
       0
       0
       0
       0
       0
       0
       0
       0
       0
       0
       0
       0
       0
       1
       0
       0
       0
       0
       0
       0
       0
       0
       0
       0
       0
       0
       0
       0
       0
       0
       0
       0
       0
       0
       0
       0
       0
       0
       0
       0
       0
       0
       0
       0
       0
       0
       0
       0
       0
       0
       0
       0
       0
       0
       0
       0
       0
       0
       0
       0
       0
       0
       0
       0
       0
       0
       0
       0
       0
       0
       0
       0
       0
       0
       0
       0
       0
       0
       0
       0
       0
       0
       0
       0
       0
       0
       0
       0
       0
       0
       0
       0
       0
       0
       0
       0
       0
       0
       0
       0
       0
       0
       0
       0
$ROI:
0
$PRESETS:
Live Time
300
0
$ENER_FIT:
0.000000 0.000000
$MCA_CAL:
3
0.000000E+000 0.000000E+000 0.000000E+000 
$SHAPE_CAL:
3
0.000000E+000 0.000000E+000 0.000000E+000
