$SPEC_ID:
PRAK02 Easy-MCA-2k SN
$SPEC_REM:
DET# 1
DETDESC# PRAK01 Easy-MCA-2k SN 15071856
AP# Maestro Version 7.01
$DATE_MEA:
04/02/2002 03:21:42
$MEAS_TIM:
300 300
$DATA:
0 511
       0
       0
       0
       0
       0
       0
       0
       0
       0
       0
       0
       0
       0
       0
       0
       0
       0
       0
       0
     123
     235
     189
     176
     177
     171
     168
     159
     127
     147
     114
     124
     153
     114
     108
     108
     104
      97
     108
      84
      84
      97
     100
      87
      72
      77
      71
      70
      61
      56
      52
      62
      39
      38
      40
      40
      54
      49
      54
      83
     137
     199
     281
     327
     314
     280
     195
     131
      62
      38
      30
      14
      13
       7
      12
      11
      14
      15
       7
       8
       9
       8
      18
       8
      10
       7
      10
      15
      11
       8
       9
       5
      12
       6
      12
      10
       5
       8
       3
       4
      10
       6
      12
       8
      10
       6
       8
       8
       7
      11
       6
       1
       6
       6
       5
       7
       6
       4
       3
       7
       7
       5
       5
       0
       5
       2
       5
       4
       4
       4
       5
       1
       9
       3
       6
      12
       7
       9
       7
       3
       3
       3
       2
       4
       1
       1
       4
       4
       3
       1
       3
       2
       0
       1
       1
       3
       0
       2
       1
       6
       1
       3
       3
       1
       2
       4
       0
       3
       1
       1
       1
       1
       0
       1
       1
       0
       0
       1
       1
       0
       1
       3
       0
       0
       0
       0
       1
       1
       0
       1
       1
       0
       0
       1
       0
       0
       2
       2
       1
       2
       0
       3
       3
       0
       2
       1
       1
       0
       0
       0
       0
       2
       2
       3
       0
       0
       0
       0
       0
       2
       1
       0
       1
       1
       1
       0
       0
       0
       0
       0
       0
       0
       0
       0
       0
       1
       0
       0
       0
       0
       0
       0
       0
       0
       0
       0
       1
       0
       0
       0
       0
       0
       0
       0
       0
       0
       0
       0
       1
       0
       0
       0
       0
       1
       0
       0
       0
       1
       0
       0
       1
       0
       0
       0
       0
       0
       1
       1
       0
       3
       1
       0
       2
       0
       0
       1
       0
       0
       0
       0
       0
       0
       0
       0
       1
       0
       0
       0
       0
       0
       0
       1
       0
       1
       0
       0
       0
       0
       0
       1
       1
       1
       0
       0
       0
       0
       0
       0
       0
       0
       1
       0
       0
       0
       0
       1
       0
       0
       0
       0
       0
       0
       0
       0
       0
       0
       1
       0
       0
       0
       0
       0
       0
       0
       0
       0
       0
       0
       0
       0
       0
       0
       0
       0
       0
       0
       0
       0
       0
       0
       0
       0
       0
       0
       0
       0
       0
       0
       0
       0
       0
       0
       0
       0
       0
       0
       0
       0
       0
       0
       0
       0
       0
       0
       0
       0
       0
       0
       0
       0
       0
       0
       0
       0
       0
       0
       0
       0
       0
       0
       0
       0
       0
       0
       0
       0
       0
       0
       0
       0
       0
       0
       0
       0
       0
       0
       0
       0
       0
       0
       0
       0
       0
       0
       0
       0
       0
       0
       0
       0
       0
       0
       0
       0
       0
       0
       0
       0
       0
       1
       0
       0
       0
       0
       0
       0
       0
       0
       0
       0
       0
       0
       0
       0
       0
       0
       0
       0
       0
       0
       0
       0
       0
       0
       0
       0
       0
       0
       0
       0
       0
       0
       0
       0
       0
       0
       0
       0
       0
       0
       0
       0
       0
       0
       0
       0
       0
       0
       0
       0
       0
       0
       0
       0
       0
       0
       0
       0
       0
       0
       0
       0
       0
       0
       0
       0
       0
       0
       0
       0
       0
       0
       0
$ROI:
0
$PRESETS:
Live Time
300
0
$ENER_FIT:
0.000000 0.000000
$MCA_CAL:
3
0.000000E+000 0.000000E+000 0.000000E+000 
$SHAPE_CAL:
3
0.000000E+000 0.000000E+000 0.000000E+000
