$SPEC_ID:
PRAK02 Easy-MCA-2k SN
$SPEC_REM:
DET# 1
DETDESC# PRAK01 Easy-MCA-2k SN 15071856
AP# Maestro Version 7.01
$DATE_MEA:
04/02/2002 04:00:03
$MEAS_TIM:
300 300
$DATA:
0 511
       0
       0
       0
       0
       0
       0
       0
       0
       0
       0
       0
       0
       0
       0
       0
       0
       0
       0
       1
     163
     232
     234
     206
     203
     191
     190
     168
     170
     128
     151
     135
     135
     140
     124
     134
      87
     129
     112
     105
      93
     105
     106
     112
      85
      79
      76
      84
      43
      62
      48
      41
      42
      55
      47
      45
      63
      62
      83
     116
     165
     275
     382
     455
     493
     410
     312
     195
      84
      47
      27
      24
      17
      13
      18
       8
       8
      10
       9
       9
      13
      18
      18
      13
       9
      14
      10
      10
      13
      12
       9
       4
      10
      12
       8
      10
      11
      10
      11
       6
       6
       5
      14
       6
       7
       8
       7
       7
      12
      12
       9
       7
       4
       4
       6
       7
       4
       5
       1
       1
       7
       5
       7
       3
       2
       1
       4
       3
       6
       7
       4
       5
       8
       9
      10
       8
      10
       8
       8
       4
       7
       4
       1
       4
       3
       1
       1
       1
       1
       5
       3
       0
       1
       3
       0
       0
       1
       2
       4
       3
       2
       2
       1
       0
       1
       2
       1
       2
       2
       3
       0
       1
       0
       1
       2
       3
       0
       0
       1
       0
       1
       1
       0
       1
       0
       1
       1
       1
       1
       1
       2
       1
       1
       1
       3
       0
       2
       1
       0
       1
       3
       0
       1
       1
       1
       0
       2
       2
       1
       2
       1
       0
       0
       1
       1
       1
       1
       0
       0
       0
       0
       0
       0
       1
       1
       1
       0
       0
       0
       0
       0
       0
       0
       0
       0
       1
       0
       0
       0
       0
       0
       0
       0
       0
       0
       0
       0
       0
       0
       0
       0
       0
       0
       0
       0
       0
       0
       1
       0
       0
       1
       0
       0
       0
       0
       0
       0
       0
       0
       1
       1
       0
       0
       0
       0
       0
       1
       0
       0
       0
       0
       0
       1
       0
       1
       0
       1
       2
       0
       0
       0
       1
       0
       0
       0
       0
       1
       0
       0
       0
       0
       1
       0
       0
       0
       0
       0
       0
       0
       0
       0
       0
       0
       0
       2
       0
       0
       0
       0
       0
       0
       0
       0
       0
       0
       0
       1
       0
       0
       0
       0
       0
       0
       1
       0
       0
       0
       0
       0
       0
       0
       0
       0
       0
       0
       0
       0
       0
       0
       0
       0
       0
       0
       0
       0
       0
       0
       0
       0
       0
       0
       0
       0
       0
       0
       0
       0
       0
       0
       0
       0
       0
       0
       0
       0
       0
       0
       0
       0
       0
       0
       0
       0
       0
       0
       0
       0
       0
       0
       0
       0
       0
       0
       0
       0
       0
       0
       0
       0
       0
       0
       0
       0
       0
       0
       0
       0
       0
       0
       0
       0
       0
       0
       0
       0
       0
       0
       0
       0
       0
       0
       0
       0
       0
       0
       0
       0
       0
       0
       0
       0
       0
       0
       0
       0
       0
       0
       0
       0
       0
       0
       0
       0
       0
       0
       0
       0
       0
       0
       0
       0
       0
       0
       0
       0
       0
       0
       0
       0
       0
       0
       0
       0
       0
       0
       0
       0
       0
       0
       0
       0
       0
       0
       0
       0
       0
       0
       0
       0
       0
       0
       0
       0
       0
       0
       0
       0
       0
       0
       0
       0
       0
       0
       0
       0
       0
       0
       0
       0
       0
       0
       0
       0
       0
       0
       0
       0
       0
       0
       0
       0
       0
       0
$ROI:
0
$PRESETS:
Live Time
300
0
$ENER_FIT:
0.000000 0.000000
$MCA_CAL:
3
0.000000E+000 0.000000E+000 0.000000E+000 
$SHAPE_CAL:
3
0.000000E+000 0.000000E+000 0.000000E+000
